224.73642,304.16342,211.38704,493.50345,493.50348,295.22418,281.06024,273.84555,280.73264,196.45033,426.4734,425.72043,1.0,0
215.29358,304.6079,214.82419,500.0044,500.00446,288.2002,292.6179,276.7512,281.7289,198.61978,430.27435,430.20728,1.0,0
213.02907,304.73782,215.64717,501.57227,501.57224,298.37747,296.6675,279.2221,282.35428,199.15051,431.46686,431.55023,1.0,0
213.16505,304.85062,215.87634,502.02942,502.0294,285.1565,268.0498,281.40955,279.42853,199.29065,431.6168,431.7265,1.0,0
213.20987,304.67328,215.95738,502.1281,502.12817,291.02295,260.54886,278.69037,279.38892,199.33934,431.4854,431.7478,1.0,0
214.99448,304.83,215.89536,502.05777,502.0578,275.6951,257.16864,276.5401,275.37405,199.29898,431.13556,431.76935,1.0,0
214.88702,304.43518,215.93433,502.01068,502.01056,272.90823,252.51396,275.67664,277.19708,199.29558,431.12436,431.7754,1.0,0
213.57129,304.6672,215.91022,502.00476,502.00482,260.0757,259.51297,273.8858,276.70117,199.14687,431.407,431.89496,1.0,0
215.24873,304.79956,215.97098,502.1801,502.18024,273.01965,264.9285,274.26047,276.47638,199.3027,431.67996,431.9517,1.0,0
215.85754,304.66885,215.99306,502.19287,502.19272,269.5745,270.91644,279.64252,278.8556,199.36,431.77774,431.93573,1.0,0
214.62454,304.7655,215.84247,501.9491,501.94907,277.85947,278.2964,281.68546,279.09976,199.3044,431.49646,431.7222,1.0,0
213.89198,304.822,215.95972,502.1716,502.17157,279.21063,278.73996,278.31522,279.73483,199.32352,430.82532,431.8428,1.0,0
213.66971,304.81198,215.96909,502.18347,502.1834,275.22583,272.05777,281.20868,278.1899,199.31564,430.92166,431.90833,1.0,0
214.70284,304.85944,215.9892,502.24106,502.24115,271.0427,279.5552,277.867,279.2229,199.35995,430.86746,431.97443,1.0,0
216.25252,304.79132,215.95975,502.15994,502.1598,270.19943,280.78726,273.25238,278.75024,199.30937,431.40616,431.9396,1.0,0
215.47887,304.85214,215.97014,502.19974,502.19946,264.99377,278.68326,273.97308,280.70163,199.32947,431.10886,431.87305,1.0,0
215.90973,304.83096,215.97853,502.21136,502.2113,272.09735,278.4993,272.9196,280.41638,199.34546,431.72327,431.84125,1.0,0
215.26427,304.83365,215.99149,502.2254,502.2253,270.5902,285.49927,277.62964,282.10297,199.30139,431.8856,431.9686,1.0,0
216.17168,304.89114,215.98094,502.23822,502.23822,276.09042,295.29657,275.83463,281.52136,199.37155,431.92728,431.87198,1.0,0
214.63933,304.87546,215.94379,502.16843,502.16833,279.20184,281.18976,279.63025,278.39438,199.36382,431.95187,431.63522,1.0,0
213.97891,304.6176,215.97508,502.14557,502.1454,272.2007,267.71466,279.6015,276.22266,199.35268,431.94156,431.79315,1.0,0
213.74162,304.8218,215.71097,501.7342,501.73438,274.27277,278.0442,281.047,280.69962,199.28326,431.78934,431.46854,1.0,0
213.74393,304.85776,215.88055,502.04578,502.04565,294.08716,280.6854,284.47534,279.28854,199.3249,431.90063,431.85324,1.0,0
212.38792,304.89496,215.87862,502.06342,502.06335,287.91763,281.00775,285.26367,279.51895,199.37416,431.84598,431.79318,1.0,0
211.52844,304.8778,215.63344,501.63205,501.63217,299.6061,284.172,285.66156,279.01144,199.35704,431.60025,431.79276,1.0,0
216.58723,304.8295,215.75818,501.84592,501.84592,294.15375,266.93665,285.69363,274.63354,199.41783,431.66895,429.61026,1.0,0
213.80595,304.87094,215.92249,502.13144,502.13147,306.09448,276.4241,284.5013,278.62085,199.37047,431.4571,431.22855,1.0,0
212.40405,304.83014,215.85469,502.00623,502.00638,313.24667,279.9119,281.98148,280.6913,199.38716,431.88095,431.52228,1.0,0
214.15868,304.79922,215.91515,502.0907,502.09058,307.94528,291.2982,281.9522,281.726,199.3344,431.9356,431.7892,1.0,0
214.1395,304.82285,215.97144,502.19193,502.19186,290.02213,285.79486,277.31512,283.19656,199.32233,431.80112,431.257,1.0,0
214.76201,304.8401,215.98503,502.2243,502.22412,284.55994,273.58286,272.4684,278.98642,199.34091,431.93243,431.61996,1.0,0
215.08795,304.8466,215.91493,502.10883,502.1088,279.53653,285.49207,278.2661,280.4345,199.3586,431.92853,431.63953,1.0,0
213.47815,304.83206,215.8863,502.05847,502.05853,271.1906,295.52103,280.72385,282.5696,199.37436,431.78555,431.8521,1.0,0
212.60812,304.84988,215.9433,502.16162,502.1618,283.40942,298.5184,280.50052,283.20923,199.3725,431.80508,431.73267,1.0,0
213.59575,304.8682,215.9964,502.2544,502.25436,283.6373,292.5309,278.7229,280.19342,199.35313,431.78473,431.5967,1.0,0
213.47585,304.88367,216.00818,502.2829,502.283,284.41916,296.97333,281.24536,281.15112,199.37056,431.80328,431.82523,1.0,0
212.1826,304.8966,216.01173,502.29712,502.29706,284.0507,302.30548,281.82596,279.20908,199.3909,431.92618,431.92862,1.0,0
212.39024,304.855,215.88959,502.06946,502.06934,264.82043,286.47632,281.25705,280.73682,199.36664,431.96414,431.96094,1.0,0
212.91629,304.8776,215.9525,502.1855,502.18542,269.4798,291.83713,282.09534,282.04453,199.37193,431.95642,431.9446,1.0,0
213.11282,304.8572,215.89185,502.06714,502.0671,264.42523,317.9754,282.32083,281.50095,199.33495,431.82327,432.00104,1.0,0
213.79233,304.83203,215.95906,502.18372,502.18378,268.9054,297.41214,281.54483,279.41003,199.37183,431.97653,431.95325,1.0,0
215.65901,304.89322,216.0041,502.27875,502.27878,272.16574,290.6729,281.9719,280.3156,199.3712,432.0063,431.94745,1.0,0
214.10268,304.8921,216.00343,502.28137,502.2813,267.58286,283.04813,282.20752,281.16495,199.38998,431.97745,431.85483,1.0,0
213.12733,304.90295,216.00749,502.2915,502.2915,271.52704,287.1892,282.3325,279.69485,199.39018,431.9967,431.93008,1.0,0
210.7799,304.90894,215.8866,502.08505,502.08514,286.16736,289.35718,282.41037,276.77637,199.39227,431.66605,431.83353,1.0,0
212.40105,304.8755,215.94131,502.1664,502.1664,291.3431,285.02948,281.1762,276.7038,199.37578,431.9411,431.87872,1.0,0
213.43129,304.82468,215.86185,502.0097,502.00983,291.5772,286.0295,282.08374,277.13892,199.35257,431.94324,431.93866,1.0,0
212.91737,304.88388,215.93967,502.1623,502.1623,291.47415,284.8826,282.23752,279.03574,199.35786,431.9271,431.9133,1.0,0
212.63214,304.8906,215.9936,502.2602,502.26025,295.72278,276.96274,280.41867,277.2229,199.3723,432.0099,431.96008,1.0,0
213.33885,304.89682,216.01122,502.2962,502.29626,293.73645,279.6633,281.88672,274.88092,199.39113,431.9924,431.9805,1.0,0
212.64989,304.77557,215.95163,502.15912,502.1592,287.5007,275.05652,281.8354,276.7159,199.39427,431.96384,431.72565,1.0,0
214.30035,304.876,215.99748,502.25696,502.25693,291.07556,304.48276,282.25122,281.06464,199.34521,431.9828,431.8834,1.0,0
213.00716,304.849,215.88188,502.0588,502.05878,290.6426,300.70447,282.3181,278.2431,199.38824,431.96796,431.93442,1.0,0
226.79533,304.82333,215.89757,502.03052,502.03046,298.9631,279.12564,281.32788,276.27695,199.1594,432.0387,433.3924,1.0,0
216.23691,304.8475,215.64267,501.63092,501.63104,303.35516,290.06635,280.1719,277.35104,199.31665,431.82922,431.95468,1.0,0
222.01083,304.86237,215.66772,501.6356,501.63544,311.74182,280.61722,280.8324,275.76938,199.11249,434.56876,436.3108,1.0,0
215.6985,304.82755,215.86871,502.0157,502.0157,304.67285,276.3146,281.37238,276.1968,199.32076,432.66364,432.99503,1.0,0
214.55292,304.86722,215.8088,501.9278,501.92798,291.08948,269.18536,282.12717,275.6809,199.33934,432.08557,432.2048,1.0,0
214.54367,304.7832,215.90283,502.04327,502.04327,292.53552,266.62238,281.91693,275.70422,199.23186,431.74512,431.74576,1.0,0
214.78758,304.8754,215.969,502.2078,502.20782,292.51486,265.40057,282.25073,275.80496,199.34547,431.94156,431.90216,1.0,0
214.0098,304.86676,215.93132,502.14917,502.1491,296.61618,261.81378,282.4204,275.35025,199.38808,432.0072,431.81796,1.0,0
215.21141,304.83234,215.65628,501.66022,501.66025,295.0883,266.4339,282.26935,275.9665,199.36644,432.0184,431.9576,1.0,0
216.06691,304.8815,215.9175,502.12604,502.12607,293.5817,275.79852,282.41736,278.65967,199.37099,431.848,431.99316,1.0,0
215.66043,304.90152,215.90562,502.11484,502.1148,312.58475,282.99243,280.03156,278.54684,199.38751,431.77383,431.89594,1.0,0
213.30727,304.8778,215.8755,502.05707,502.05713,311.12845,289.4115,280.4851,279.10767,199.39227,431.8396,431.6025,1.0,0
211.91129,304.81308,215.9515,502.1449,502.14496,301.985,287.97012,278.21838,281.13565,199.27449,431.84232,431.53992,1.0,0
212.80406,304.8331,215.9821,502.21243,502.21228,296.4664,280.90787,281.0206,277.19666,199.3177,431.85468,431.54614,1.0,0
213.66212,304.8864,216.00111,502.2699,502.26996,286.6789,281.84488,278.6449,280.75015,199.36252,431.87927,431.78595,1.0,0
214.50531,304.89594,216.00565,502.28455,502.28452,276.89142,299.1561,279.36597,283.2885,199.38176,431.92468,431.9597,1.0,0
214.46432,304.88922,215.89217,502.0843,502.0843,280.3569,301.39197,286.06522,284.09903,199.36977,431.82883,431.96124,1.0,0
214.01555,304.89435,215.88666,502.07886,502.0788,270.68585,292.02155,285.76962,276.38632,199.38214,431.97644,431.75388,1.0,0
213.3442,304.8865,215.9362,502.15988,502.15985,272.6996,289.94565,287.09494,279.05258,199.37129,431.92474,431.80356,1.0,0
214.46204,304.9026,215.99353,502.26712,502.2672,270.2747,288.2009,282.56296,277.7372,199.38957,431.85922,431.73834,1.0,0
213.63478,304.77606,215.99669,502.2058,502.20584,278.78757,288.8206,279.87973,279.06012,199.2454,431.88577,431.71527,1.0,0
214.9111,304.8707,216.00671,502.27002,502.27005,281.2742,288.59387,280.37897,276.23785,199.33865,431.904,431.86945,1.0,0
214.2743,304.80356,215.94919,502.1594,502.15945,290.3601,281.86578,281.9861,280.54282,199.37706,431.99094,431.85043,1.0,0
214.13506,304.83478,215.99939,502.24973,502.2497,293.95105,280.73315,281.38068,279.3805,199.35089,431.97836,431.91696,1.0,0
213.87471,304.87894,215.92924,502.1441,502.14417,288.67407,277.22134,281.34647,280.12628,199.36388,431.99255,431.9697,1.0,0
213.57721,304.85013,215.98904,502.2295,502.2295,306.831,282.042,280.3413,280.29443,199.3188,432.01062,431.90704,1.0,0
214.77313,304.7884,216.0114,502.25992,502.25995,313.53696,281.5701,281.60153,281.15482,199.36461,431.93228,431.87827,1.0,0
213.86342,304.75894,216.01595,502.24524,502.24512,302.50043,289.0882,275.8705,278.6914,199.2972,431.9957,431.96152,1.0,0
214.12308,304.8031,216.01653,502.25626,502.2563,294.94522,294.94055,277.4075,279.20178,199.28493,431.91232,431.90918,1.0,0
214.16309,304.8375,216.00983,502.26736,502.26733,279.00986,303.06674,283.12637,279.27725,199.34595,431.9086,431.94946,1.0,0
213.55281,304.88254,216.0112,502.28595,502.2859,283.61142,289.6645,284.67807,278.51666,199.36156,431.98413,431.81583,1.0,0
214.17383,304.89243,216.00992,502.29263,502.2925,286.4108,283.39157,283.08524,282.1092,199.39023,431.99966,431.84265,1.0,0
213.80684,304.82877,215.94402,502.13855,502.1386,265.08624,275.46167,280.93628,285.59232,199.28542,431.61685,431.94568,1.0,0
213.41522,304.87872,215.9612,502.1981,502.198,272.79822,275.8338,290.22812,284.44675,199.35887,431.87585,431.68298,1.0,0
214.27019,304.87457,216.0033,502.27374,502.27374,269.27365,282.6875,293.11603,285.76947,199.38011,431.91916,431.91678,1.0,0
214.39755,304.8994,215.91336,502.12692,502.127,278.71857,277.29462,285.0033,276.26987,199.38533,431.869,431.9367,1.0,0
213.77959,304.83447,215.89215,502.06836,502.06833,275.4866,262.79666,274.80817,271.04147,199.36916,431.7401,431.7001,1.0,0
214.69171,304.86517,215.9588,502.1866,502.1867,276.01767,267.03076,274.26114,269.99094,199.34396,431.84427,431.82806,1.0,0
214.12505,304.84222,215.94054,502.15192,502.1519,282.15463,272.541,272.9403,276.455,199.35883,431.92386,431.4857,1.0,0
215.86252,304.86652,215.98973,502.2394,502.23932,273.74408,292.67383,279.2269,278.21567,199.33849,431.86807,431.81372,1.0,0
213.23766,304.88187,215.9364,502.1581,502.15802,268.5999,287.7244,281.47116,276.8034,199.36867,431.95105,431.85165,1.0,0
214.76266,304.8905,215.98163,502.24268,502.2426,269.95352,285.13312,282.04788,281.35873,199.38722,431.91757,431.88153,1.0,0
215.03313,304.846,215.91017,502.09778,502.0979,281.33023,285.20575,283.6334,282.87518,199.34525,431.8519,431.8205,1.0,0
216.04694,304.87515,215.98872,502.2478,502.24786,296.5995,294.0207,284.28467,280.0554,199.37411,431.89624,431.89853,1.0,0
214.61426,304.8594,215.89949,502.09076,502.0907,294.69882,277.05545,281.95544,278.62732,199.3808,431.90646,431.8241,1.0,0
213.49698,304.82175,215.91106,502.09686,502.0967,286.5062,278.82455,274.81873,276.5109,199.36653,431.8571,431.89023,1.0,0
214.96753,304.88757,215.9793,502.23218,502.23218,270.94598,271.39105,272.55307,280.2983,199.36096,431.83063,432.0011,1.0,0
214.58311,304.8635,215.92358,502.13058,502.13074,263.41684,277.68378,278.96436,279.44244,199.36754,431.41983,432.02026,1.0,0
214.74005,304.9038,215.9899,502.25946,502.25946,264.39453,279.47128,284.6524,274.4741,199.3818,431.81168,431.7122,1.0,0
214.16376,304.89114,215.98747,502.25464,502.25452,261.25745,263.01157,271.51285,272.34988,199.39557,431.91452,431.93082,1.0,0
215.25589,304.9019,216.00786,502.2923,502.29233,276.9133,247.73448,279.07294,258.40817,199.39227,431.92715,431.90762,1.0,0
214.55928,304.9147,216.0168,502.31204,502.31204,274.29092,245.54222,276.5945,265.27386,199.39561,431.993,431.91818,1.0,0
215.91159,304.91733,216.01852,502.31662,502.31683,287.06387,235.7794,277.43024,268.36578,199.40085,431.96152,431.97134,1.0,0
215.98204,304.89993,215.96005,502.21024,502.2103,284.80576,244.31055,274.3634,269.47498,199.3974,431.95975,431.9128,1.0,0
214.99686,304.89685,215.99298,502.26343,502.26343,273.4645,255.44753,295.9238,271.5211,199.38446,431.9495,431.99713,1.0,0
213.79732,304.84445,216.01088,502.28107,502.28094,273.27393,260.79407,303.8499,272.66528,199.39293,431.94968,431.8999,1.0,0
214.0467,304.89105,216.01714,502.3012,502.30115,268.64032,271.90982,291.20892,273.8801,199.3739,431.9678,431.80145,1.0,0
214.81006,304.90976,216.0184,502.31274,502.3128,265.3176,275.96075,276.08408,274.46512,199.39238,431.93823,431.92804,1.0,0
217.31693,304.90973,216.01413,502.30652,502.30658,288.95883,285.34955,279.22607,280.56717,199.39796,431.93826,431.9854,1.0,0
216.55606,304.89795,216.01056,502.2962,502.29614,308.7257,296.55777,278.57013,279.68024,199.39348,431.8801,431.9915,1.0,0
216.03801,304.85495,215.8944,502.08252,502.08243,321.66034,300.4603,282.24405,278.8765,199.39046,431.86157,431.8454,1.0,0
216.14807,304.8879,215.96709,502.21204,502.21216,317.2098,289.3468,283.32748,278.45163,199.36539,431.8471,431.94867,1.0,0
214.2719,304.90265,215.93239,502.16132,502.16125,319.9221,275.7122,283.3024,279.16196,199.38757,431.91006,431.99973,1.0,0
214.35516,304.87604,215.98961,502.24335,502.24323,323.14706,276.37668,280.32544,278.62888,199.345,432.00153,431.9618,1.0,0
215.19724,304.88177,216.0095,502.28827,502.2884,319.9845,278.97113,280.7305,280.70465,199.38768,431.96597,431.85703,1.0,0
214.07304,304.904,216.01596,502.3061,502.3059,304.34937,282.15042,276.75464,278.62778,199.38908,431.99896,431.96048,1.0,0
214.71356,304.90076,216.01459,502.30386,502.30386,288.90387,278.27722,276.89246,280.45514,199.39383,431.97177,431.65067,1.0,0
215.27684,304.8933,216.01424,502.30118,502.30115,270.9904,268.15677,279.87778,277.72473,199.39424,431.9684,431.91095,1.0,0
215.77956,304.84613,216.00394,502.2691,502.26913,269.91623,271.01547,278.48062,277.85138,199.39174,431.98495,431.97723,1.0,0
215.82628,304.87503,216.00433,502.27063,502.2707,270.12473,257.30453,280.49744,275.0949,199.35579,431.76895,431.85303,1.0,0
215.72568,304.80188,215.97766,502.20917,502.2092,272.73236,268.27243,277.44226,276.36926,199.3825,431.94443,431.91953,1.0,0
214.72783,304.87238,216.00406,502.26645,502.26657,265.92374,270.20554,271.4771,278.51068,199.34167,431.7966,431.90173,1.0,0
214.6419,304.89294,216.0089,502.28827,502.2882,271.60025,267.7694,275.3542,276.27634,199.3772,431.92896,431.75592,1.0,0
215.85417,304.74936,215.95938,502.1626,502.1626,284.1492,283.08664,275.15805,278.8805,199.38219,431.93942,431.94226,1.0,0
215.35461,304.86008,216.00027,502.2568,502.2569,278.9839,280.42755,277.37738,276.68454,199.34314,431.923,431.84363,1.0,0
215.0407,304.897,216.01465,502.29846,502.29852,298.9856,289.91608,283.15945,281.15836,199.37288,431.95532,431.66217,1.0,0
213.88597,304.87332,216.01205,502.28348,502.2837,318.35486,280.89554,280.6537,279.7505,199.35619,431.8656,431.8001,1.0,0
214.5179,304.85718,216.01306,502.2854,502.2851,324.9506,286.9458,281.90436,280.0551,199.37845,431.9291,431.91873,1.0,0
214.64871,304.87732,216.01494,502.29492,502.29474,330.99747,283.3823,285.33304,280.8571,199.3798,431.84567,431.94724,1.0,0
214.70323,304.8445,216.00139,502.26053,502.2605,329.39948,276.29584,283.0946,284.02768,199.37294,431.8549,431.89923,1.0,0
215.15778,304.84607,216.00058,502.25607,502.2561,319.25662,272.5014,281.08975,288.205,199.35645,431.94696,431.82928,1.0,0
214.816,304.8838,216.00726,502.27936,502.2793,306.89148,276.75613,280.33582,278.80466,199.36,431.90155,431.9649,1.0,0
215.1165,304.882,216.00836,502.2859,502.2857,294.83243,272.1713,273.7822,277.70767,199.38528,431.95105,431.94305,1.0,0
215.09587,304.85983,216.01587,502.29156,502.29147,274.21838,262.16275,270.64822,274.18613,199.38123,431.95044,431.8934,1.0,0
213.02802,304.87622,216.01677,502.29822,502.29822,255.96785,257.80316,275.5265,272.2827,199.38208,431.99622,431.97052,1.0,0
213.78166,304.89243,216.0112,502.2944,502.29437,264.9952,274.91162,280.8693,275.18106,199.3876,431.93085,431.98203,1.0,0
213.27118,304.90076,216.0174,502.30804,502.30804,259.5227,261.9508,292.11755,274.6021,199.39125,431.9479,431.9475,1.0,0
213.62363,304.87924,215.92929,502.14594,502.14587,252.74005,260.99356,291.38312,273.9475,199.37183,431.80734,431.98346,1.0,0
214.08893,304.9004,215.99347,502.26422,502.2641,266.80988,268.54187,289.4317,272.37512,199.3791,431.89767,432.0153,1.0,0
212.35704,304.901,215.92976,502.1564,502.1563,262.19693,274.479,291.51962,275.0113,199.38828,431.89084,432.00797,1.0,0
212.1209,304.8563,215.9874,502.2358,502.2356,264.72144,274.20935,295.1196,278.28915,199.35342,431.94388,432.02313,1.0,0
211.00175,304.89432,216.0071,502.285,502.28503,265.4447,281.56522,308.8115,281.2029,199.37505,431.88626,431.8922,1.0,0
211.27193,304.90872,216.01537,502.30634,502.30634,268.73788,278.7944,315.11197,278.5933,199.3887,431.98044,431.80865,1.0,0
211.84859,304.9146,216.01714,502.3131,502.313,277.61935,274.222,311.455,276.66452,199.39772,432.01767,431.90344,1.0,0
212.88821,304.7786,216.01479,502.2649,502.2647,271.15387,277.86374,308.62085,277.79175,199.37491,431.8567,431.89792,1.0,0
213.95401,304.87802,216.016,502.2912,502.29138,265.3344,270.5516,301.15424,279.4573,199.35341,431.93433,431.75302,1.0,0
213.81516,304.89215,216.01643,502.30096,502.30096,288.6952,291.35498,295.9107,280.20908,199.3765,431.95312,431.93268,1.0,0
213.09148,304.1362,215.39095,500.90363,500.90356,355.03366,343.0454,325.73163,318.21686,198.89697,430.86905,430.95847,1.0,1
213.55257,304.15594,215.4538,501.02148,501.02148,356.02106,337.0064,325.55618,317.64566,198.91484,430.9057,430.904,1.0,1
212.60938,304.17377,215.4877,501.08508,501.08508,357.6598,325.9031,326.05545,314.72543,198.91531,430.95,430.97012,1.0,1
213.368,304.17465,215.49529,501.09918,501.09933,337.51538,343.42664,319.8439,320.91644,198.91876,430.964,430.95334,1.0,1
214.57602,304.17957,215.49803,501.10522,501.1053,331.18387,343.26828,316.06973,319.97833,198.91785,430.92685,430.96823,1.0,1
214.22131,304.18033,215.49818,501.10516,501.10516,324.78894,348.12704,317.3616,322.43045,198.91612,430.95676,430.96927,1.0,1
214.4964,304.16965,215.44443,501.00665,501.0067,318.46405,342.8098,314.6404,319.30258,198.90297,430.97635,430.95663,1.0,1
214.23439,304.15637,215.4559,501.02106,501.02106,313.82645,337.26297,315.2812,318.73645,198.89516,430.89285,430.8578,1.0,1
214.00723,304.17145,215.45622,501.0291,501.02905,317.4838,329.5257,313.877,316.09674,198.91017,430.9472,430.9535,1.0,1
213.89534,304.1175,215.44801,501.00073,501.0008,314.56387,319.92096,313.57312,310.08487,198.91652,430.7412,430.90762,1.0,1
214.36057,304.1659,215.45464,501.0227,501.02264,315.31674,319.67853,311.87744,307.94922,198.90039,430.80164,430.9157,1.0,1
213.41347,304.02173,215.46312,500.98108,500.98108,318.80835,332.66782,314.8745,316.88046,198.83014,430.79745,430.8148,1.0,1
213.07791,304.10867,215.48122,501.0434,501.0432,325.94946,343.27545,315.79654,321.8957,198.85857,430.91122,430.85577,1.0,1
212.18726,304.1358,215.4941,501.0739,501.07388,334.99377,343.17838,317.58542,319.97263,198.86185,430.90237,430.9615,1.0,1
213.06229,304.15387,215.49582,501.09106,501.091,352.02798,340.08398,322.19473,317.279,198.90419,430.9251,430.96854,1.0,1
213.08728,304.16653,215.493,501.0891,501.08905,355.93698,342.09628,322.51685,317.9944,198.90047,430.96707,430.9846,1.0,1
212.8934,304.16727,215.49562,501.09506,501.09515,350.7555,349.6359,321.74902,320.42145,198.90681,430.96426,430.9915,1.0,1
212.48688,304.1293,215.49576,501.0738,501.07397,354.96313,332.74347,323.83545,319.6158,198.85611,430.946,430.9489,1.0,1
212.68253,304.11917,215.48405,501.04785,501.04773,364.5146,335.6894,325.7397,317.93265,198.84282,430.87897,430.88812,1.0,1
212.81459,304.16373,215.49033,501.08282,501.0829,358.53406,317.57043,321.87796,311.46194,198.8962,430.91736,430.94257,1.0,1
212.92737,304.15613,215.49677,501.09552,501.09546,326.46875,323.64172,315.40887,314.37845,198.91493,430.94293,430.9827,1.0,1
213.11237,304.17468,215.4969,501.10004,501.09988,316.07214,335.71375,315.02133,318.85736,198.90958,430.91095,430.93613,1.0,1
212.52817,304.176,215.49677,501.10107,501.1011,330.3672,323.39572,319.07986,317.22794,198.91371,430.9669,430.9735,1.0,1
213.14928,304.17783,215.49844,501.10425,501.10428,334.02954,331.72995,319.0171,317.41928,198.9124,430.83078,430.95532,1.0,1
213.77223,304.1376,215.49799,501.0932,501.09314,336.1392,327.8394,319.43073,314.06473,198.9199,430.94434,430.9811,1.0,1
213.8644,304.10468,215.47981,501.0311,501.03107,336.97742,318.35437,319.72308,313.59662,198.81747,430.53885,430.91623,1.0,1
213.36911,304.13788,215.486,501.06168,501.0617,336.5597,324.17334,319.48135,314.3386,198.86668,430.80942,430.9396,1.0,1
213.12817,304.16718,215.49251,501.08807,501.088,338.56824,328.28265,319.368,317.0836,198.8997,430.92593,430.96063,1.0,1
213.59572,304.0898,215.46365,501.01562,501.01562,345.37363,320.23557,320.71454,314.03522,198.8973,430.92657,430.9197,1.0,1
213.8097,304.15228,215.48376,501.06705,501.06702,350.1522,326.73257,322.25525,318.43655,198.89017,430.89194,430.9293,1.0,1
213.2674,304.141,215.4754,501.05273,501.05273,354.9618,318.0998,324.69873,314.24188,198.90671,430.93597,430.94296,1.0,1
213.21754,304.16916,215.48912,501.08466,501.08478,346.9274,329.2964,322.56323,315.34253,198.90742,430.93967,430.93134,1.0,1
211.83173,304.18192,215.49641,501.10284,501.1029,343.57925,333.77805,320.12003,318.06305,198.91722,430.9732,430.96854,1.0,1
213.404,303.6659,215.45439,500.88214,500.88214,347.0178,329.9993,320.95862,315.94672,198.91937,430.91168,430.95752,1.0,1
212.98286,304.02042,215.47653,500.98132,500.9812,348.86642,318.542,321.09204,310.7435,198.72296,430.92682,430.93552,1.0,1
213.23111,304.13196,215.48836,501.06134,501.06125,349.942,316.68332,322.65045,307.67035,198.85327,430.93216,430.92093,1.0,1
212.61377,304.16818,215.458,501.0288,501.02875,349.12677,332.8081,322.45587,315.79132,198.89917,430.97638,430.87125,1.0,1
213.67699,304.14752,215.46275,501.0257,501.02576,355.96606,339.45444,323.60257,321.55646,198.87405,430.97324,430.88312,1.0,1
213.3949,304.16165,215.47289,501.05167,501.05167,342.69556,336.31476,320.0962,320.83633,198.89424,430.98407,430.92587,1.0,1
213.27672,304.16418,215.467,501.04486,501.04483,329.73187,337.49774,316.28232,319.09918,198.9076,430.94016,430.92047,1.0,1
213.23154,304.17633,215.48613,501.08252,501.08267,347.82352,336.6157,321.33932,318.71127,198.91295,430.8582,430.8458,1.0,1
213.7222,304.16354,215.46109,501.03668,501.03677,356.40042,336.9029,324.3342,319.9872,198.91653,430.91156,430.94653,1.0,1
213.33142,304.1681,215.47704,501.0635,501.06354,360.21857,337.55206,325.19437,320.02057,198.90819,430.8651,430.95108,1.0,1
213.44225,304.16632,215.44553,501.00922,501.00922,362.70132,339.80612,324.87524,318.58307,198.91003,430.9512,430.92456,1.0,1
213.81409,304.16898,215.48308,501.0735,501.0734,360.66046,337.40894,324.46094,319.3966,198.90419,430.91983,430.9196,1.0,1
213.10019,304.1272,215.47208,501.03717,501.0371,355.41205,338.69165,324.0413,319.06448,198.87892,430.97083,430.93008,1.0,1
213.27063,304.16962,215.49164,501.08844,501.08835,355.858,337.12,323.91162,319.88052,198.90337,430.98163,430.92456,1.0,1
213.83119,304.17923,215.4904,501.0913,501.09137,357.90445,335.6768,325.4208,318.69757,198.91432,430.93893,430.97537,1.0,1
213.34567,304.1713,215.48746,501.08524,501.08508,358.07214,335.81052,325.4985,320.43665,198.92062,430.9047,430.93326,1.0,1
213.72342,304.17072,215.49612,501.09918,501.09906,353.13757,333.23407,326.6251,320.06943,198.9175,430.94284,430.91327,1.0,1
213.58484,304.1787,215.46533,501.04755,501.04755,362.6984,337.69495,325.92865,318.52374,198.91347,430.97552,430.95267,1.0,1
212.44456,304.1705,215.4589,501.03442,501.03433,356.93524,336.08804,325.07532,320.13342,198.91486,430.9934,430.978,1.0,1
213.72487,304.18085,215.4703,501.05756,501.05756,357.25266,338.08325,324.72113,320.55606,198.91632,430.87137,430.92752,1.0,1
213.79985,304.04056,215.48697,501.02075,501.0206,358.61816,330.62286,325.39398,316.36032,198.79665,430.79712,430.92645,1.0,1
213.60056,304.13013,215.46518,501.0235,501.02344,348.59085,337.90585,322.71277,317.6093,198.86604,430.8629,430.88998,1.0,1
213.8708,304.10226,215.45107,500.985,500.98486,337.79056,338.32608,318.58636,316.264,198.83739,430.88123,430.79773,1.0,1
214.2563,304.15857,215.48222,501.06616,501.06622,352.62338,320.70102,322.3668,313.2128,198.89119,430.92023,430.88287,1.0,1
213.82138,304.1779,215.49493,501.09827,501.09827,356.13034,334.6216,324.14868,315.7466,198.91289,430.97852,430.8922,1.0,1
213.46378,304.17004,215.47177,501.0559,501.05594,354.9885,338.73175,323.02393,318.6782,198.9116,430.94528,430.96075,1.0,1
213.55461,304.17123,215.46709,501.04706,501.04712,348.08987,332.18155,321.5689,314.49728,198.90746,430.90146,430.97766,1.0,1
213.9828,304.17697,215.46678,501.05054,501.0505,343.59192,341.49008,317.79318,316.35556,198.91763,430.79114,430.92276,1.0,1
213.82695,304.17572,215.48306,501.07806,501.078,329.56317,342.53683,317.0805,320.99435,198.91727,430.9311,430.96454,1.0,1
212.57318,304.17212,215.49025,501.08783,501.0878,330.7182,339.20404,317.1873,323.7528,198.90935,430.90817,430.94562,1.0,1
212.59375,304.16803,215.4941,501.094,501.09412,334.85568,345.36792,318.4249,324.1933,198.9125,430.94604,430.93198,1.0,1
213.15059,304.17197,215.48561,501.08075,501.0807,337.48834,345.59293,318.37436,323.55963,198.91394,430.9367,430.9385,1.0,1
213.86427,304.17004,215.48816,501.08514,501.08517,332.75085,333.23526,319.81924,320.57477,198.91702,430.96725,430.94214,1.0,1
213.5723,304.17896,215.49521,501.09982,501.09982,331.5843,338.15366,318.5667,318.39728,198.916,430.9638,430.91766,1.0,1
213.82901,304.17523,215.49802,501.1043,501.10437,326.13846,342.01614,317.02365,318.5384,198.9197,430.97314,430.95932,1.0,1
213.97966,304.17993,215.49693,501.1029,501.10284,332.1363,339.49463,317.56628,320.95444,198.91612,430.97037,430.9685,1.0,1
213.63535,304.1808,215.49603,501.1019,501.1019,334.01825,330.42462,317.50793,317.4772,198.91647,430.95093,430.96893,1.0,1
214.01483,304.17804,215.49751,501.1043,501.10425,332.05585,324.4401,316.63162,318.0655,198.91959,430.98422,430.97028,1.0,1
213.58818,304.17603,215.45227,501.02567,501.0255,322.89636,334.4253,314.06107,320.9155,198.91982,430.9824,430.9338,1.0,1
213.3623,304.1762,215.46094,501.0385,501.03845,320.70682,342.47723,312.5228,321.1142,198.90979,430.8683,430.95236,1.0,1
212.31387,304.16116,215.4722,501.0526,501.05267,314.58493,328.17374,315.71664,318.78757,198.90501,430.89923,430.96225,1.0,1
212.69415,304.165,215.48985,501.08502,501.08514,323.8283,326.30783,313.70264,317.06677,198.9098,430.9419,430.90674,1.0,1
213.03232,304.1775,215.49544,501.09918,501.0993,320.78052,328.33682,313.7053,315.76968,198.91362,430.93417,430.95154,1.0,1
213.15701,304.17532,215.49815,501.10266,501.1027,321.46225,336.44205,313.75333,321.21802,198.91158,430.96793,430.9529,1.0,1
212.79893,304.1771,215.49553,501.09903,501.09906,328.79147,338.3133,313.90866,320.41306,198.91367,430.8193,430.94968,1.0,1
213.69179,304.1534,215.48666,501.07642,501.07635,327.87234,342.40997,313.48135,322.76236,198.91045,430.90616,430.97162,1.0,1
213.49252,304.16772,215.48897,501.08405,501.0841,322.29556,333.66663,312.78354,320.42892,198.90805,430.9443,430.89304,1.0,1
212.60991,304.17453,215.49582,501.0992,501.09912,317.9478,329.30148,313.12143,319.2352,198.91336,430.96832,430.96594,1.0,1
212.70773,304.17566,215.49243,501.09375,501.09372,322.66043,329.08292,312.83063,317.1575,198.91507,430.96228,430.97177,1.0,1
212.85976,304.15762,215.4935,501.0874,501.08737,313.95502,335.0661,310.72186,320.96664,198.90045,430.90796,430.92584,1.0,1
213.0416,304.1616,215.4927,501.08942,501.08948,318.69165,342.09232,312.4886,323.3205,198.9118,430.94443,430.9557,1.0,1
212.99507,304.17157,215.49506,501.09695,501.09692,318.0291,331.24115,313.36746,318.67108,198.91476,430.95016,430.9743,1.0,1
213.16534,304.112,215.46971,501.03244,501.03232,326.8572,321.76062,313.6555,314.26105,198.89647,430.84326,430.86612,1.0,1
213.38878,304.12973,215.47052,501.0376,501.0377,327.67865,334.36563,314.81897,319.07544,198.89023,430.869,430.9219,1.0,1
213.01967,304.15524,215.48329,501.06564,501.06567,325.6931,332.24442,313.04306,319.77457,198.88368,430.8449,430.86737,1.0,1
213.34473,304.17758,215.4625,501.04193,501.0418,323.76297,337.35345,313.31793,320.91498,198.91158,430.9255,430.9557,1.0,1
214.02397,304.1624,215.46005,501.03503,501.03513,333.2644,341.73187,315.38144,322.5255,198.9193,430.9726,430.98145,1.0,1
213.35612,304.16785,215.47925,501.06665,501.0667,344.18414,339.0057,318.49753,322.7959,198.90489,430.83182,430.96997,1.0,1
213.52621,304.16678,215.46228,501.03818,501.03812,342.36307,342.27744,318.9338,322.85693,198.91074,430.85013,430.98083,1.0,1
212.63481,304.11145,215.47562,501.0455,501.04553,340.9807,342.1,316.40738,322.7809,198.91133,430.9056,430.95718,1.0,1
213.27411,304.1404,215.46931,501.03394,501.03394,355.7294,342.8667,317.77792,322.85004,198.86916,430.92758,430.81824,1.0,1
213.33858,304.16867,215.48712,501.08118,501.0811,344.03552,340.12943,318.0091,322.87387,198.90761,430.91852,430.9372,1.0,1
213.86781,304.17188,215.46854,501.05023,501.05017,347.9645,323.4773,318.6216,316.66745,198.91034,430.9308,430.9178,1.0,1
212.74336,304.12848,215.48285,501.05768,501.05768,354.36362,333.2876,319.83636,321.12775,198.88655,430.88602,430.84595,1.0,1
213.9813,304.13562,215.48634,501.06052,501.0606,347.7746,338.15878,319.47586,322.69742,198.8619,430.9098,430.89313,1.0,1
213.25774,304.1718,215.49512,501.09515,501.0951,353.32602,323.76062,319.88657,317.06293,198.9049,430.97308,430.947,1.0,1
213.218,304.18182,215.46735,501.05298,501.05292,355.52563,327.61777,319.12878,317.70013,198.91763,430.9776,430.9657,1.0,1
213.3823,304.18146,215.47993,501.0744,501.07434,353.83505,338.12372,319.38068,320.2777,198.9176,430.97995,430.95395,1.0,1
213.68294,304.16663,215.44875,501.01556,501.0156,352.5997,342.0239,319.5009,321.90973,198.91382,430.81723,430.92963,1.0,1
213.38838,304.1708,215.48381,501.0755,501.0755,352.49704,343.31897,319.12216,321.5757,198.90558,430.83167,430.94897,1.0,1
213.96365,304.16125,215.49274,501.08804,501.08804,352.74316,341.5502,318.92963,320.80438,198.90553,430.89636,430.97958,1.0,1
213.61066,304.17706,215.4974,501.1018,501.10193,353.24362,340.26196,320.20978,320.20233,198.91187,430.95596,430.91595,1.0,1
213.73856,304.18356,215.49806,501.1067,501.1066,341.57602,339.72202,318.26556,321.99695,198.91931,430.9692,430.9467,1.0,1
213.56053,304.18033,215.49901,501.10785,501.10788,327.66714,343.77817,316.24594,321.77377,198.9217,430.9426,430.97354,1.0,1
213.91959,304.168,215.49658,501.0999,501.0999,321.9345,343.73953,313.79132,319.83878,198.92061,430.91202,430.98138,1.0,1
213.60011,304.17642,215.49829,501.10443,501.1045,326.96143,338.77905,314.49518,321.71213,198.91681,430.93903,430.96957,1.0,1
212.99652,304.17834,215.49742,501.10352,501.10358,323.5955,330.83868,312.9086,319.64297,198.91695,430.97815,430.96167,1.0,1
213.0023,304.17026,215.49878,501.10413,501.10406,319.75845,322.34863,315.30414,315.4663,198.91925,430.98288,430.96207,1.0,1
214.05838,304.17926,215.49892,501.1065,501.10648,317.93893,318.87476,313.8568,314.72546,198.91747,430.9495,430.9514,1.0,1
214.42856,304.17883,215.45433,501.02878,501.02875,318.49463,317.63043,313.5643,314.40018,198.91386,430.96054,430.91473,1.0,1
213.74536,304.17422,215.48288,501.078,501.07806,331.18542,322.74557,315.64676,317.5181,198.92033,430.90793,430.9216,1.0,1
213.81522,304.18103,215.4948,501.1001,501.10004,335.4922,325.92584,317.81516,316.96756,198.91818,430.9339,430.94135,1.0,1
213.06662,304.18414,215.47588,501.06888,501.06885,337.88382,321.74295,319.618,314.0404,198.92091,430.93945,430.94162,1.0,1
213.05496,304.16513,215.46716,501.04828,501.0483,332.85907,335.67508,321.49854,318.7534,198.91934,430.93945,430.8639,1.0,1
213.78954,304.15012,215.47891,501.05563,501.0557,322.96225,339.94153,318.29364,319.84137,198.87914,430.93936,430.80392,1.0,1
213.92712,304.15988,215.48979,501.0814,501.08136,332.77036,333.564,316.13544,317.79337,198.89914,430.92026,430.90152,1.0,1
213.79248,304.16803,215.4943,501.09454,501.09454,326.94748,337.91977,315.0431,319.4571,198.91354,430.94772,430.9471,1.0,1
214.16774,304.02707,215.48189,500.99738,500.99753,323.51498,332.63348,312.6198,317.49918,198.74599,430.8299,430.75482,1.0,1
213.47742,304.1395,215.45833,501.01437,501.01428,324.3897,339.62183,311.88614,317.81583,198.86636,430.86862,430.91125,1.0,1
214.00891,304.17075,215.4772,501.06427,501.06427,325.90848,331.20087,315.18637,317.48254,198.906,430.94116,430.94104,1.0,1
215.11868,304.16956,215.49326,501.09235,501.09232,323.95706,328.2566,312.08096,316.81952,198.91006,430.94952,430.9456,1.0,1
214.0931,304.03256,215.46266,501.00092,501.00092,321.9483,333.51868,315.63892,318.01517,198.91342,430.91095,430.9672,1.0,1
213.75388,304.1242,215.44234,500.97766,500.9776,323.6121,322.56653,315.2641,315.7217,198.84418,430.8597,430.80298,1.0,1
213.76555,304.166,215.47534,501.05804,501.05792,331.26367,325.3606,317.00644,315.7229,198.89796,430.74466,430.88412,1.0,1
213.93521,304.17395,215.46321,501.04245,501.04242,328.00592,341.04605,314.94016,316.33804,198.91336,430.77945,430.89917,1.0,1
213.1049,304.17892,215.47429,501.06317,501.0631,323.23053,344.07285,313.28375,317.73468,198.91411,430.94183,430.95773,1.0,1
212.6724,304.1818,215.46875,501.0553,501.05518,323.0912,342.12424,311.77017,318.24957,198.91824,430.92313,430.95782,1.0,1
212.31819,304.18286,215.48569,501.0855,501.08563,330.2399,333.9431,315.86044,317.9947,198.92142,430.9258,430.9795,1.0,1
212.37251,304.18378,215.4953,501.10208,501.10202,325.7685,337.445,313.2837,317.44327,198.9201,430.96692,430.9518,1.0,1
213.44194,304.18243,215.49358,501.09927,501.0993,324.18472,338.80176,312.14023,320.08478,198.92209,430.98093,430.97314,1.0,1
212.66927,304.17746,215.49638,501.10147,501.10144,331.05743,340.8633,314.60397,319.61035,198.91753,430.88168,430.978,1.0,1
212.8661,304.18146,215.49722,501.10406,501.104,326.37393,326.89597,313.53104,316.93063,198.9171,430.9056,430.98984,1.0,1
212.39618,304.17853,215.4913,501.09296,501.09308,324.8649,320.46194,315.11145,315.01852,198.91666,430.94052,430.9599,1.0,1
212.16316,304.16003,215.44621,501.0065,501.0066,324.2763,328.96777,315.55338,317.44843,198.90068,430.88297,430.91653,1.0,1
212.52907,304.17133,215.47873,501.06757,501.0677,326.30768,321.8198,313.2562,316.05682,198.90881,430.89853,430.87057,1.0,1
212.52063,304.18048,215.493,501.09647,501.0965,330.80396,334.42126,314.90134,317.4159,198.9168,430.9118,430.92938,1.0,1
214.4126,304.15714,215.44537,501.0052,501.00522,325.14212,322.78293,312.3239,315.2485,198.90596,430.90176,430.7889,1.0,1
213.80504,304.16174,215.48447,501.07086,501.07083,325.4625,335.55862,314.2568,316.1417,198.89096,430.87402,430.93805,1.0,1
214.3093,304.16815,215.47057,501.05383,501.05386,322.15494,338.83997,314.5623,319.48093,198.91489,430.93033,430.95532,1.0,1
214.05531,304.18036,215.46074,501.04077,501.04083,318.5814,341.401,313.78772,319.3062,198.91678,430.92303,430.94766,1.0,1
213.67969,304.1092,215.45924,501.01843,501.01837,325.48438,342.01788,313.86404,319.58286,198.91968,430.96405,430.97717,1.0,1
213.68109,304.15656,215.4846,501.06918,501.0692,320.67978,332.287,313.5969,317.20847,198.88875,430.8803,430.89102,1.0,1
213.55276,304.165,215.45119,501.0166,501.01657,323.20682,344.20154,312.43527,317.72632,198.90045,430.88043,430.92773,1.0,1
213.45377,304.16382,215.48479,501.07385,501.07385,319.1274,344.98438,313.1304,317.23615,198.89899,430.90402,430.95108,1.0,1
212.6767,304.155,215.44199,500.99872,500.9987,319.49857,331.07538,312.19925,317.0274,198.90562,430.93085,430.9729,1.0,1
213.86606,304.13092,215.42955,500.96698,500.96704,318.78778,328.24612,311.64523,314.90704,198.88937,430.81866,430.8728,1.0,1
213.9259,304.1634,215.47533,501.0565,501.05646,330.7159,336.51263,314.3958,317.10278,198.89502,430.9356,430.91623,1.0,1
207.64417,300.89713,213.21335,495.76807,495.76788,327.82715,303.36172,285.27405,290.40146,196.77132,426.27423,426.3111,1.0,2
206.6642,300.92703,213.17635,495.7162,495.71606,324.3405,302.41937,285.01917,291.4489,196.78679,426.35928,426.35934,1.0,2
209.6889,300.9382,213.19232,495.74878,495.74872,321.5848,310.2232,281.993,292.06195,196.79608,426.3548,426.34766,1.0,2
209.46248,300.93835,213.18175,495.73114,495.7312,319.93262,307.01505,281.1384,293.53006,196.79922,426.33005,426.32733,1.0,2
209.13945,300.9402,213.18907,495.74463,495.74463,320.85114,303.32312,280.774,292.18604,196.79967,426.38098,426.38464,1.0,2
208.47246,300.94037,213.19675,495.75812,495.7583,319.28204,303.5585,278.90002,290.1146,196.80124,426.39026,426.3686,1.0,2
208.52808,300.9361,213.17549,495.72015,495.72025,315.0108,305.587,281.503,285.07202,196.80084,426.39557,426.39194,1.0,2
208.01285,300.94003,213.18828,495.74292,495.74292,309.53992,304.59488,283.35092,279.38602,196.79872,426.38327,426.39896,1.0,2
210.40248,300.9407,213.19312,495.7519,495.752,313.6118,313.7665,284.1119,278.69485,196.80035,426.37296,426.3862,1.0,2
210.75847,300.9409,213.19386,495.75287,495.753,310.8207,305.68222,285.29938,279.28995,196.8006,426.37833,426.39197,1.0,2
210.35475,300.94196,213.19698,495.75897,495.75906,309.7255,307.06897,279.30823,283.34427,196.80174,426.3897,426.39468,1.0,2
209.9414,300.93646,213.19319,495.75043,495.75046,311.19858,310.47302,277.98862,290.85458,196.79906,426.3684,426.35358,1.0,2
211.76155,300.92844,213.19731,495.75464,495.75482,313.94995,308.65247,276.94373,293.78354,196.79582,426.38275,426.38818,1.0,2
210.62492,300.90326,213.117,495.6071,495.60712,312.9397,303.32462,279.8065,298.29898,196.78868,426.34305,426.32324,1.0,2
210.01318,300.87717,213.14265,495.64392,495.64398,306.45187,295.77908,277.50256,296.2763,196.7885,426.3292,426.35724,1.0,2
210.28922,300.89923,213.16809,495.69214,495.6921,306.64288,295.4564,278.03683,294.97525,196.77895,426.34912,426.38098,1.0,2
209.30608,300.9092,213.16672,495.68872,495.68872,309.32037,288.79572,282.0716,293.14273,196.76001,426.33475,426.35532,1.0,2
208.02608,300.9154,213.16841,495.69928,495.6994,308.7988,292.35638,285.49188,294.4094,196.78882,426.3748,426.3804,1.0,2
205.87163,300.90466,213.18098,495.71777,495.7177,279.62488,271.35278,286.4033,292.50665,196.78748,426.31067,426.34094,1.0,2
206.32338,300.9196,213.18431,495.72528,495.72534,294.51785,289.24286,282.99738,283.84106,196.77646,426.3678,426.35223,1.0,2
206.80948,300.9173,213.19778,495.74866,495.74878,293.31674,302.1899,281.7985,276.29977,196.7792,426.33728,426.38306,1.0,2
206.93024,300.8404,213.1979,495.71228,495.7122,301.6019,300.84802,278.93582,276.63312,196.71017,426.28656,426.4006,1.0,2
207.60333,300.91483,213.20029,495.74957,495.74945,315.7379,301.4462,278.98474,277.3765,196.76585,426.36444,426.38425,1.0,2
209.72015,300.91763,213.17883,495.71454,495.71436,327.1296,309.5704,278.7609,277.48663,196.77196,426.36896,426.39505,1.0,2
210.6408,300.93277,213.1882,495.73853,495.73856,329.72885,313.30807,280.8191,277.52344,196.78812,426.38507,426.3865,1.0,2
207.51865,300.92392,213.19493,495.74893,495.74902,326.43515,310.6517,283.14633,275.96033,196.79588,426.35742,426.367,1.0,2
206.05504,300.91684,213.19553,495.7438,495.7438,294.87332,288.39575,282.5692,277.71585,196.77556,426.37103,426.38626,1.0,2
207.6348,300.92313,213.1876,495.73303,495.73312,291.68988,288.535,282.54367,278.69412,196.78137,426.371,426.38327,1.0,2
208.7396,300.91672,213.18054,495.7168,495.7169,281.86694,282.89804,282.54526,279.06122,196.77089,426.30872,426.35522,1.0,2
209.2483,300.88794,213.16626,495.68842,495.68823,291.50452,297.19547,282.4012,276.32144,196.79126,426.35464,426.36295,1.0,2
209.52763,300.9195,213.17604,495.7117,495.71173,276.51663,287.1857,282.3674,276.29504,196.77902,426.38684,426.38928,1.0,2
207.7155,300.89905,213.19504,495.7367,495.73682,281.6049,297.35544,282.34982,275.73813,196.77095,426.37442,426.3868,1.0,2
208.98752,300.92447,213.15936,495.68597,495.68597,284.0114,304.3637,282.3845,274.35352,196.78639,426.37448,426.38556,1.0,2
207.0291,300.9165,213.18246,495.724,495.7241,277.65192,296.73288,281.2953,275.9874,196.78833,426.36288,426.3414,1.0,2
206.50745,300.90146,213.17403,495.70535,495.70547,299.5679,299.16443,283.4825,280.5882,196.79071,426.35315,426.37866,1.0,2
207.22838,300.9111,213.17334,495.70453,495.70465,308.60608,310.11246,287.31757,283.49597,196.7791,426.31598,426.37616,1.0,2
209.6166,300.86594,213.18547,495.7143,495.7143,317.4076,310.30154,288.6276,289.59644,196.78694,426.36804,426.34607,1.0,2
209.95793,300.90793,213.1836,495.7199,495.71985,321.66156,309.88138,290.93533,290.70834,196.77203,426.3673,426.3742,1.0,2
210.08229,300.89636,213.18948,495.72998,495.72998,320.6536,308.3856,292.06015,289.38593,196.78793,426.36713,426.3871,1.0,2
207.9953,300.88153,213.1856,495.71765,495.71765,312.85635,304.83347,296.09592,288.88055,196.78085,426.29434,426.31564,1.0,2
209.00896,300.91965,213.19304,495.74084,495.74084,310.38742,303.62558,296.215,288.09305,196.77808,426.29843,426.34918,1.0,2
209.7691,300.80707,213.18448,495.6966,495.6965,321.34058,314.95953,295.9621,291.98602,196.79129,426.37036,426.36063,1.0,2
211.85126,300.89502,213.19563,495.7298,495.72986,327.3417,320.93066,299.10474,295.98248,196.73842,426.34747,426.39313,1.0,2
214.01268,300.9166,213.18616,495.72998,495.72983,338.41238,332.34,303.52835,304.8792,196.78667,426.36865,426.39597,1.0,2
214.71126,300.90662,213.17105,495.69556,495.69556,332.6906,324.01523,307.3492,310.72598,196.7607,426.37872,426.37442,1.0,2
215.29672,300.9108,213.17978,495.71564,495.71564,332.2773,342.75107,308.224,312.48615,196.77927,426.28998,426.3495,1.0,2
215.44258,300.932,213.19374,495.748,495.74792,334.9628,349.12836,313.07343,315.6358,196.78865,426.34766,426.3453,1.0,2
215.11101,300.91397,213.19917,495.75372,495.75366,343.48737,355.9744,311.53296,319.09857,196.79636,426.384,426.38412,1.0,2
215.57864,300.90387,213.1772,495.71014,495.7099,344.23325,355.95312,313.19907,318.66388,196.78339,426.2953,426.33188,1.0,2
215.01892,300.91357,213.17738,495.714,495.71417,337.00885,355.4034,312.83395,319.00186,196.78716,426.36127,426.33493,1.0,2
213.808,300.92926,213.18999,495.7399,495.73996,334.79944,358.51312,312.725,316.9924,196.78577,426.3477,426.32144,1.0,2
216.64899,300.91162,213.19753,495.74225,495.7423,342.82007,364.379,314.14224,318.43753,196.76016,426.38785,426.3726,1.0,2
218.23508,300.93033,213.14595,495.664,495.66397,344.7521,364.94476,312.85,319.95413,196.7847,426.37558,426.3851,1.0,2
213.94392,300.91162,213.16817,495.6926,495.69257,336.70132,356.7844,314.20624,322.21722,196.76358,426.34668,426.37103,1.0,2
215.18216,300.89868,213.17496,495.69974,495.69977,341.37613,354.5445,312.53687,317.5926,196.75891,426.36163,426.36884,1.0,2
215.2117,300.91278,213.18808,495.73212,495.73212,342.1347,354.9352,314.7352,318.55206,196.7858,426.38876,426.37985,1.0,2
216.43199,300.87424,213.16426,495.67987,495.68,344.9225,357.49915,316.79004,319.21942,196.78535,426.3753,426.37057,1.0,2
215.18239,300.90094,213.16592,495.68494,495.685,347.8992,361.31012,317.73083,318.12036,196.75974,426.31995,426.37766,1.0,2
210.6745,300.7487,212.90837,495.0949,495.09473,305.36957,297.69296,315.96997,311.4097,196.27307,417.19336,413.95987,1.0,2
208.00966,300.72922,212.97351,495.28317,495.2831,297.22937,287.71426,310.81827,303.23795,196.663,423.67554,423.0928,1.0,2
209.32552,300.78122,213.07002,495.46808,495.46808,309.74698,294.43604,309.5888,294.6428,196.6791,425.61584,425.39554,1.0,2
226.17493,300.82816,213.05124,495.4474,495.4474,301.51572,300.2354,308.53503,282.65836,196.67134,425.85266,425.90866,1.0,2
217.94366,300.58508,212.87837,495.17462,495.17456,333.89066,364.0433,308.53934,283.69815,197.1256,429.14407,432.1888,1.0,2
217.91689,300.8147,213.10133,495.5661,495.5661,325.99387,363.46848,308.978,302.4949,196.84306,427.0021,427.74515,1.0,2
216.57568,300.84296,213.15506,495.6576,495.65747,336.65253,353.013,310.43588,313.5026,196.7992,426.5161,426.70523,1.0,2
215.73718,300.90958,213.16528,495.69,495.68985,342.5234,355.17386,310.62454,318.57092,196.77676,426.3709,426.39963,1.0,2
217.21623,300.92758,213.18361,495.72827,495.72827,343.2315,355.49396,311.37747,320.7967,196.78497,426.3429,426.37842,1.0,2
216.87006,300.93927,213.19775,495.75897,495.75873,340.18045,359.15952,309.67886,317.85718,196.79718,426.37537,426.3957,1.0,2
217.13467,300.91962,213.16876,495.7038,495.7038,334.84097,360.4036,310.99435,318.32922,196.8009,426.37506,426.40057,1.0,2
216.78795,300.93658,213.19296,495.74878,495.74872,311.62366,356.59946,307.8987,319.498,196.79297,426.36346,426.33054,1.0,2
215.46017,300.93207,213.19862,495.7566,495.7564,313.07184,352.35385,308.1562,318.925,196.78896,426.38907,426.36273,1.0,2
215.04167,300.93958,213.20021,495.7635,495.7635,297.61835,352.25348,307.00644,318.733,196.79889,426.384,426.39157,1.0,2
215.80396,300.93936,213.20241,495.7677,495.76776,294.17087,354.08038,306.75342,318.08887,196.80139,426.39444,426.39862,1.0,2
216.15198,300.9393,213.20226,495.76605,495.76605,292.1026,355.94794,306.6907,319.64084,196.79654,426.39972,426.3962,1.0,2
214.99803,300.93033,213.20285,495.76572,495.7657,289.66055,349.7565,306.66885,318.55817,196.8012,426.40176,426.40048,1.0,2
213.91931,300.92264,213.18411,495.72766,495.7276,290.49924,352.0093,306.67175,317.0438,196.78468,426.3686,426.38095,1.0,2
215.3921,300.93747,213.18733,495.73993,495.7398,281.7755,345.9387,306.6457,319.01767,196.79536,426.32996,426.35126,1.0,2
214.33984,300.92776,213.18597,495.73383,495.73376,320.1127,346.30884,303.91083,317.499,196.79121,426.34283,426.3718,1.0,2
214.49234,300.93854,213.17928,495.72656,495.7267,331.02475,340.63284,302.91544,316.65015,196.79747,426.38235,426.38925,1.0,2
214.70921,300.93906,213.19455,495.7537,495.7537,321.24832,343.67227,301.86362,315.0453,196.8005,426.3648,426.3767,1.0,2
213.82835,300.94083,213.17314,495.7173,495.7173,312.75153,347.00848,299.65884,314.8942,196.80014,426.39404,426.39584,1.0,2
214.07454,300.94037,213.18027,495.72955,495.72946,335.3021,346.9809,301.21832,314.49835,196.79979,426.37357,426.36768,1.0,2
215.64066,300.92545,213.15932,495.68524,495.68515,327.11276,355.9123,302.21384,315.11688,196.782,426.37714,426.3808,1.0,2
215.98723,300.91983,213.18646,495.72858,495.72845,315.7547,355.5018,302.50842,318.35138,196.77313,426.30362,426.3245,1.0,2
214.68651,300.90918,213.19711,495.74176,495.74167,329.22684,351.78485,304.43637,318.47565,196.76334,426.33862,426.38364,1.0,2
214.64665,300.91293,213.16792,495.69592,495.69595,327.13806,341.31305,307.187,315.28186,196.77992,426.32703,426.32364,1.0,2
215.08847,300.93054,213.17674,495.71872,495.71863,331.9571,342.78305,307.61212,313.57388,196.79103,426.37454,426.35233,1.0,2
215.03781,300.93665,213.1946,495.75217,495.75198,334.3597,344.83127,309.98538,315.77963,196.7951,426.38437,426.3865,1.0,2
216.09604,300.9373,213.17848,495.72443,495.7245,336.81335,353.71332,310.9731,315.6426,196.79489,426.37985,426.36896,1.0,2
215.48344,300.9131,213.1735,495.7085,495.7085,339.922,357.19797,311.10532,317.0221,196.79376,426.3949,426.37347,1.0,2
216.2227,300.9094,213.13113,495.62985,495.62994,339.8519,356.42413,309.68576,316.69208,196.77228,426.31427,426.17838,1.0,2
215.43753,300.88626,213.16504,495.68402,495.68408,338.0713,355.38748,310.08408,315.20737,196.78395,426.33182,426.32385,1.0,2
215.71307,300.92688,213.15988,495.68668,495.68695,337.38388,356.72403,309.81485,315.381,196.78249,426.37314,426.3457,1.0,2
216.46797,300.9296,213.19135,495.7431,495.74316,336.5519,358.38522,310.07123,315.4187,196.78961,426.3654,426.367,1.0,2
215.25873,300.93253,213.19987,495.7602,495.7605,330.45795,349.31924,309.12634,315.03937,196.79716,426.39426,426.38788,1.0,2
216.4854,300.92407,213.20058,495.7561,495.75613,334.91675,355.77902,309.51993,314.933,196.78206,426.38773,426.36948,1.0,2
215.68704,300.9368,213.18456,495.73505,495.73517,335.05692,354.72327,309.16122,316.39746,196.79573,426.3996,426.39218,1.0,2
215.17105,300.92664,213.18835,495.7369,495.73706,337.72223,357.7227,309.00156,316.27072,196.78844,426.39072,426.39883,1.0,2
214.19197,300.89456,213.14961,495.66064,495.6609,332.1684,349.61606,310.7013,317.16486,196.78883,426.3673,426.35022,1.0,2
214.85512,300.868,213.05379,495.47028,495.47046,306.97388,306.6921,302.98172,308.05576,196.70491,425.90878,425.90637,1.0,2
211.96745,300.91644,213.13974,495.64655,495.64642,308.59268,304.84164,297.22556,304.988,196.77069,426.19263,426.17444,1.0,2
210.99998,300.93155,213.18364,495.73102,495.73083,309.5422,302.83856,289.24744,302.55368,196.79128,426.33737,426.31454,1.0,2
211.3834,300.93658,213.19669,495.7553,495.7555,317.3063,307.29654,282.23447,299.77692,196.79395,426.3777,426.36984,1.0,2
211.73997,300.93338,213.17862,495.72452,495.72437,322.2267,306.4163,277.50842,298.12317,196.8,426.31244,426.36206,1.0,2
210.94353,300.89697,213.1633,495.68677,495.6869,315.3298,300.23923,276.87833,296.23486,196.79636,426.2876,426.37366,1.0,2
211.0531,300.92755,213.191,495.7411,495.7411,316.10272,298.72748,276.93195,293.55353,196.7853,426.30096,426.37433,1.0,2
209.82268,300.9336,213.19492,495.75165,495.75168,313.7087,298.07465,276.40967,291.25772,196.79492,426.36383,426.3791,1.0,2
210.69865,300.89456,213.19171,495.73447,495.7343,323.30087,313.9982,277.93585,289.95917,196.79333,426.38776,426.37912,1.0,2
211.48755,300.90912,213.17293,495.70154,495.70145,314.10397,305.79477,277.7852,291.5721,196.76947,426.33582,426.38693,1.0,2
214.54694,300.86096,213.13084,495.6762,495.6762,331.88983,328.19434,276.29782,291.32562,197.06187,426.36777,427.425,1.0,2
213.57802,300.91245,213.17693,495.72568,495.72552,332.746,328.05313,279.02966,296.85876,196.8478,426.2497,426.5473,1.0,2
213.64388,300.93396,213.1946,495.7547,495.75467,332.76703,323.40427,280.62357,302.93265,196.81158,426.35736,426.4398,1.0,2
215.56642,300.93597,213.1997,495.76233,495.76224,339.70767,328.67596,279.8285,306.50333,196.80276,426.3764,426.40112,1.0,2
214.79121,300.8628,213.19716,495.71844,495.71857,354.40634,344.23224,280.70444,310.92932,196.71498,426.38437,426.3335,1.0,2
214.94061,300.9204,213.20006,495.75208,495.75214,357.9707,349.52377,287.2044,313.81628,196.77318,426.39444,426.38034,1.0,2
214.44728,300.93314,213.20175,495.76337,495.7635,350.0695,346.58792,297.72855,314.61795,196.79503,426.401,426.39307,1.0,2
214.4937,300.9313,213.20253,495.76224,495.76227,343.67465,349.202,303.49667,314.3268,196.78612,426.3842,426.40094,1.0,2
215.81905,300.9373,213.1962,495.75568,495.7558,340.11682,348.8424,307.2124,316.1697,196.79842,426.3568,426.38675,1.0,2
214.4521,300.93527,213.2008,495.76282,495.76294,340.00385,347.50504,310.2143,314.92978,196.79843,426.37704,426.36063,1.0,2
215.5112,300.9323,213.19939,495.75998,495.76,340.0303,351.63818,310.15454,313.9973,196.79994,426.36768,426.38248,1.0,2
215.91005,300.90253,213.19946,495.75098,495.75113,338.77325,344.85324,309.53452,314.95596,196.79695,426.3912,426.35016,1.0,2
215.66145,300.90103,213.20117,495.74298,495.7431,334.41046,343.09253,309.5521,316.0687,196.74652,426.37796,426.3565,1.0,2
215.30862,300.93164,213.20102,495.7605,495.7603,331.49802,339.85687,309.2168,314.53345,196.78828,426.38022,426.3908,1.0,2
215.66745,300.94092,213.20238,495.7672,495.7671,330.63266,340.43405,307.05173,316.11447,196.79787,426.3705,426.36395,1.0,2
214.72496,300.94308,213.20198,495.768,495.76776,332.49072,343.00046,307.55414,316.14893,196.80167,426.39575,426.3953,1.0,2
214.7926,300.92996,213.20273,495.7633,495.76324,333.84082,346.21585,308.83163,315.89694,196.79118,426.39767,426.39447,1.0,2
214.47049,300.94055,213.19525,495.75485,495.75482,330.63437,344.75574,308.5203,314.45953,196.79803,426.3942,426.39954,1.0,2
214.32124,300.93616,213.19897,495.7589,495.7591,331.87817,346.89673,308.04974,314.69507,196.79225,426.32733,426.38434,1.0,2
214.2995,300.93854,213.20119,495.76398,495.76404,335.8269,348.09354,309.03357,313.64816,196.79622,426.37796,426.39957,1.0,2
214.24954,300.93503,213.20244,495.765,495.76483,341.50104,344.7809,309.1086,314.13474,196.79358,426.39716,426.39835,1.0,2
214.0012,300.9339,213.20244,495.7655,495.76562,336.76703,347.92532,309.27066,314.38568,196.79889,426.39505,426.3726,1.0,2
214.61516,300.9407,213.20204,495.76678,495.76678,338.833,350.0071,309.90012,314.06686,196.7985,426.38898,426.39465,1.0,2
214.5708,300.91254,213.20137,495.75757,495.75735,331.21106,344.0375,308.03946,313.56622,196.79787,426.38174,426.38507,1.0,2
214.25345,300.8949,213.18106,495.70715,495.7071,331.0329,345.54144,307.06122,312.7184,196.75021,426.39725,426.3345,1.0,2
214.2547,300.92435,213.18925,495.73654,495.73645,331.17627,349.171,308.74472,313.80008,196.78137,426.38437,426.36594,1.0,2
216.94737,300.93796,213.18825,495.74152,495.74146,337.28662,355.49124,309.29352,314.2424,196.79562,426.39688,426.3702,1.0,2
215.13046,300.94183,213.19772,495.76,495.7602,333.88562,348.29297,308.79132,314.96338,196.8008,426.40134,426.38947,1.0,2
215.76631,300.92245,213.18318,495.72934,495.7294,325.9608,342.36453,307.135,313.6215,196.80084,426.3897,426.3997,1.0,2
216.55125,300.91992,213.19199,495.74237,495.74225,328.99347,338.53076,307.12408,312.5631,196.7931,426.40143,426.39893,1.0,2
215.82019,300.9348,213.17433,495.7163,495.7162,321.31204,343.1642,307.04895,311.3276,196.79372,426.39273,426.3971,1.0,2
214.92088,300.92505,213.17995,495.72235,495.72238,332.15582,351.8252,306.98096,312.79355,196.79012,426.38818,426.39633,1.0,2
214.75859,300.90903,213.19215,495.73996,495.73996,326.59888,346.3835,307.92236,313.03552,196.79553,426.40173,426.40244,1.0,2
214.98854,300.9218,213.20001,495.7564,495.7563,312.19025,342.62305,305.83554,313.3863,196.79156,426.4045,426.39066,1.0,2
215.30716,300.9363,213.18118,495.72888,495.72876,321.39682,340.17844,304.47064,311.6961,196.79446,426.39532,426.39514,1.0,2
215.14061,300.94128,213.1935,495.75226,495.75232,320.45303,349.60205,303.53494,312.4072,196.79929,426.39606,426.38745,1.0,2
215.54063,300.93384,213.1797,495.72675,495.72693,314.1446,351.69437,303.66196,314.15045,196.8006,426.36377,426.38165,1.0,2
214.87114,300.93915,213.19583,495.7555,495.75565,328.4256,350.75867,306.1824,314.82242,196.799,426.38367,426.3914,1.0,2
214.25636,300.93842,213.20091,495.76324,495.76324,299.8434,345.59885,306.36423,316.4468,196.7952,426.3919,426.3991,1.0,2
216.11093,300.93912,213.20001,495.7624,495.76233,310.6655,337.64203,306.43906,313.17883,196.79665,426.39844,426.3983,1.0,2
217.1787,300.9265,213.20148,495.76105,495.7609,302.76746,333.33743,304.21542,314.3048,196.7944,426.40097,426.40222,1.0,2
