-182.46349
3.3533185
-30.345165
-246.40227
-307.26843
-40.119385
-235.5832
-592.81885
-131.46454
182.46355
-3.3533185
30.34487
259.27206
-313.29028
36.07058
269.99078
-596.959
-60.971695
-182.19897
3.1044354
-31.920256
-242.32387
-307.71368
-41.3138
-228.15369
-593.9769
-129.92834
182.19897
-3.1044354
31.919962
263.6141
-311.9683
34.30511
272.71857
-596.1217
-61.475506
-182.5683
2.339277
-29.805433
-242.50217
-308.21725
-44.25497
-228.96222
-596.4855
-126.218796
182.56819
-2.339277
29.805433
243.19481
-313.47586
28.902945
248.07921
-597.1139
-68.69635
-182.53163
0.789395
-30.109379
-246.10469
-308.96057
-53.870094
-243.70702
-599.76733
-127.529236
182.53156
-0.78954244
30.10997
244.93336
-312.1793
34.34622
250.88835
-597.67737
-57.60683
-182.96054
1.8357317
-27.332333
-241.80164
-308.78207
-51.54432
-232.74559
-597.00165
-134.29375
182.96062
-1.8355843
27.332333
243.48988
-313.034
32.06738
249.75853
-597.3329
-63.509136
-182.69945
3.604432
-28.86023
-236.12317
-307.70645
-52.211903
-230.79643
-595.29034
-137.45934
182.6995
-3.604432
28.86023
248.23683
-314.215
33.872124
257.65952
-596.5908
-66.99977
-182.93253
2.3901525
-27.4768
-239.56221
-308.44415
-49.080006
-233.34761
-595.4631
-136.15192
182.93256
-2.390005
27.4768
250.95427
-313.0861
31.839138
259.14236
-599.4353
-57.251194
-182.24518
3.0138514
-31.663872
-245.32864
-307.0284
-48.707485
-244.99504
-593.75665
-136.95036
182.2453
-3.013999
31.663578
245.18752
-315.01837
39.21193
255.65865
-599.3712
-55.834465
-182.50954
3.0239518
-30.101791
-248.31161
-305.99792
-60.583473
-260.94257
-586.48975
-166.24713
182.50954
-3.0239518
30.102085
250.26056
-314.00037
21.766119
253.73654
-601.86365
-62.629738
-182.84631
3.2140124
-27.96232
-275.53607
-297.27866
-78.71336
-301.89432
-567.3672
-206.60947
182.84631
-3.21416
27.96232
245.07211
-314.8466
23.11334
250.15161
-601.58386
-64.9543
-182.98471
5.446335
-26.68207
-293.19287
-280.68103
-107.44166
-343.24557
-528.6413
-268.71918
182.98468
-5.446187
26.682365
238.449
-317.7061
22.269146
241.94324
-602.7914
-71.0806
-182.25633
4.553833
-31.414501
-330.00317
-250.1581
-152.1846
-400.54077
-453.9765
-360.70923
182.25641
-4.5536857
31.414797
240.59251
-317.08725
20.38861
245.31377
-601.8728
-73.818184
-181.40448
4.381097
-36.030643
-361.31427
-205.64584
-191.72021
-447.10123
-344.53247
-443.4167
181.40456
-4.3812447
36.030643
234.33644
-317.38513
16.193398
240.59157
-602.7647
-76.10693
-180.3874
5.4186444
-40.694176
-380.9061
-148.27151
-227.93991
-477.0171
-227.12001
-500.97028
180.38736
-5.418792
40.69447
230.07446
-318.01624
8.819376
233.9399
-603.15936
-84.33885
-179.10107
6.2125893
-45.926228
-405.76205
-80.293846
-249.29182
-506.66034
-117.922485
-529.2983
179.10115
-6.2127366
45.92564
223.13832
-318.82507
8.848881
216.5232
-605.63855
-78.86809
-178.19937
7.4540067
-49.13722
-414.77472
-20.435257
-255.76604
-507.60358
-1.8751526
-540.43835
178.19933
-7.4540067
49.13663
214.39116
-322.76077
22.616749
211.44836
-609.52814
-65.4503
-177.16953
8.364462
-52.592796
-417.9497
40.58946
-260.60007
-506.52002
114.65007
-537.49414
177.1695
-8.364462
52.592796
226.40718
-322.28165
29.520933
221.10889
-609.12854
-58.17598
-175.25739
5.389499
-58.998363
-401.36392
98.314896
-257.63
-478.7783
223.96567
-518.8175
175.25739
-5.3896465
58.998363
223.48958
-317.72894
16.132275
218.99277
-607.60144
-61.027943
-173.34636
5.968793
-64.3461
-389.14975
142.80649
-250.75702
-463.8457
314.25436
-485.33356
173.34633
-5.968793
64.3461
231.29178
-316.0508
16.625044
225.9987
-606.01587
-60.135826
-172.90189
7.054012
-65.42299
-373.14224
183.67802
-231.5118
-444.54706
384.82385
-442.3238
172.90186
-7.054012
65.42328
232.33177
-317.58475
17.765106
232.1595
-607.13605
-60.720634
-173.15982
7.522442
-64.68439
-356.6718
216.73563
-214.62378
-432.26312
447.97305
-390.16638
173.15982
-7.522442
64.684685
228.96254
-318.7112
16.321108
226.28105
-608.7731
-60.209503
-174.32437
6.687068
-61.573757
-340.4146
234.98781
-196.54744
-412.9356
485.95404
-344.04877
174.3243
-6.687068
61.573463
232.63353
-315.7841
7.0347147
231.98856
-605.6382
-70.32281
-174.84123
6.502226
-60.11056
-328.26486
245.57193
-188.82591
-393.40585
510.76053
-313.05014
174.84126
-6.502078
60.110264
236.93735
-314.69992
5.421574
239.59637
-603.1933
-76.824936
-174.08897
8.0968685
-62.068127
-330.97958
245.33765
-196.59088
-392.53787
515.4169
-311.77673
174.08894
-8.0968685
62.068424
232.50627
-314.73303
-4.7920933
240.92012
-603.45544
-85.83878
-175.09225
5.431206
-59.482998
-330.211
237.98828
-202.2851
-396.28012
495.20804
-341.83026
175.09212
-5.431206
59.482998
233.07637
-312.66907
-0.5722654
239.53102
-595.3181
-100.91108
-174.49075
5.306845
-61.235394
-349.145
210.45738
-226.20493
-408.853
441.95685
-407.43118
174.4908
-5.306845
61.23598
239.52223
-311.18915
-2.8279188
245.85857
-596.8478
-94.25532
-174.65218
6.471696
-60.660755
-355.56937
170.15419
-258.02942
-421.13147
371.38123
-470.65417
174.6522
-6.471696
60.660755
236.78964
-313.60825
0.38524228
240.13904
-601.7477
-83.06811
-174.56319
6.514535
-60.91184
-372.30478
118.82008
-276.85028
-441.45123
276.08502
-522.79034
174.56323
-6.5143876
60.91184
228.77667
-316.05276
9.736985
234.08145
-600.8753
-84.326675
-173.67557
7.608653
-63.276367
-385.9713
59.707294
-292.20026
-463.3479
159.57516
-564.3019
173.67549
-7.6085057
63.27666
231.97452
-316.75143
11.935885
238.63887
-603.677
-75.40992
