-139.63173
-10.440544
120.90882
-156.87854
-325.3425
132.38481
-198.45927
-608.9971
44.004356
139.63173
10.44039
-120.90913
-37.0134
-237.18481
-230.17778
-295.1557
-387.44147
-202.15106
-139.86832
-14.111742
120.26111
-153.60735
-327.98557
143.97356
-213.29738
-599.8241
31.987297
139.8684
14.1118965
-120.260796
-24.242407
-239.65683
-236.79529
-278.52573
-398.12964
-251.8407
-143.21272
-14.4256735
116.21982
-166.45012
-327.32407
161.5302
-222.6685
-594.3248
36.830162
143.21272
14.425982
-116.21951
-5.9139338
-240.59872
-246.71695
-246.8469
-410.10486
-303.45294
-149.48433
-10.4339695
108.492165
-163.68425
-323.461
159.29346
-227.63953
-591.81915
41.422203
149.48425
10.4339695
-108.49247
12.968199
-245.90022
-248.21953
-211.94803
-416.85278
-349.15475
-153.19273
-13.156714
102.87802
-170.26111
-327.38303
140.26385
-221.84505
-606.0592
41.883667
153.19273
13.156869
-102.87802
41.46139
-246.9532
-254.44801
-159.65979
-422.60162
-391.1883
-155.82631
-11.6132
99.03716
-161.5108
-325.79404
123.993996
-212.15965
-605.23315
27.30648
155.82631
11.613355
-99.036545
73.18531
-250.96817
-260.88208
-89.746346
-428.4411
-439.64624
-157.92055
-11.482841
95.67785
-169.5359
-325.34726
121.89688
-207.213
-607.1942
26.279144
157.92055
11.482841
-95.67785
114.76442
-248.54033
-273.7168
-11.9229355
-430.7986
-475.5391
-158.20757
-13.149239
94.98661
-170.83669
-327.57697
119.11756
-204.52954
-609.2014
21.380959
158.20757
13.149393
-94.98661
146.74254
-233.6259
-289.87778
44.61641
-423.7013
-498.30426
-159.85461
-10.150999
92.56599
-162.03879
-326.30814
101.36845
-205.62546
-606.2412
2.688713
159.85461
10.150999
-92.56599
176.11458
-230.79675
-287.12912
103.43303
-417.10388
-510.75168
-163.00316
-7.817055
87.14292
-174.25854
-324.34833
109.92754
-224.42934
-607.9648
25.9954
163.00316
7.8172092
-87.14261
197.91151
-234.36664
-278.20032
175.04803
-422.75757
-510.54947
-163.55756
-7.5146284
86.124695
-175.32648
-323.78735
108.21361
-232.68887
-606.24304
24.976784
163.55748
7.5146284
-86.124695
224.0277
-234.8523
-268.09195
231.67596
-424.43646
-500.46954
-165.12656
-9.107225
82.91733
-179.33768
-324.31558
102.85994
-228.16457
-605.4006
10.085129
165.12656
9.107071
-82.91733
250.7948
-230.58359
-254.13466
270.64227
-417.3479
-488.06873
-167.23856
-10.309978
78.422005
-179.9537
-325.9842
100.36377
-232.40616
-608.72
14.869827
167.23848
10.309824
-78.4217
263.40823
-228.57932
-242.13274
316.74533
-410.28696
-474.8074
-169.68861
-9.401555
73.09148
-174.84682
-325.50757
103.88226
-230.284
-608.1998
20.145615
169.68861
9.401555
-73.09178
290.32513
-225.94667
-227.44167
366.68835
-409.5448
-452.07556
-170.8548
-10.282431
70.19909
-179.31447
-325.52194
111.4704
-230.40375
-605.776
17.409042
170.8548
10.282276
-70.19909
309.24988
-220.28722
-212.87871
419.43915
-403.9178
-422.96948
-170.9837
-10.563131
69.84258
-179.70438
-326.0667
109.83344
-229.71703
-606.61426
16.068672
170.98363
10.563131
-69.842896
326.13565
-214.0386
-200.76804
447.3193
-401.3376
-401.3512
-171.9047
-10.928044
67.485985
-179.14447
-326.4007
110.331825
-228.15321
-608.8981
22.051788
171.90477
10.928044
-67.48567
335.32434
-214.25255
-184.07886
479.2391
-395.81952
-374.6621
-173.19272
-11.751554
63.96228
-178.6568
-326.39172
111.45885
-229.76768
-604.43945
11.073822
173.1928
11.751399
-63.96228
336.61264
-213.94699
-169.06792
497.51175
-386.96545
-353.93567
-173.9254
-13.766375
61.526093
-176.08183
-328.45612
96.42094
-208.91577
-606.59357
-11.103363
173.9254
13.766375
-61.525784
349.4195
-212.39746
-147.74487
522.59595
-373.04663
-332.68207
-174.58546
-13.815463
59.615673
-171.71945
-328.0794
92.496185
-198.70401
-608.4397
-10.799263
174.58554
13.815618
-59.615673
360.02594
-209.32695
-130.62245
544.6416
-369.60803
-304.48163
-176.15906
-14.0841465
54.72301
-169.80838
-328.04898
89.88794
-197.06679
-607.0365
-16.990204
176.15906
14.0843
-54.72332
364.7007
-207.94595
-120.4427
560.8235
-369.01172
-280.4229
-177.9726
-12.711177
48.879154
-170.17038
-326.01666
90.37233
-196.95982
-604.8348
-17.064995
177.97252
12.711485
-48.879463
368.36035
-211.15387
-107.940346
577.96533
-367.75314
-254.71362
-177.91064
-12.704764
49.105953
-169.08675
-327.29416
83.12187
-198.08347
-608.85
-16.304024
177.91064
12.70461
-49.105953
374.0668
-209.6676
-97.416985
590.6848
-374.10855
-224.0495
-178.85869
-12.059654
45.70724
-169.93916
-327.2269
82.111946
-200.83527
-610.7857
-10.838676
178.85869
12.0595
-45.706932
379.225
-208.72502
-84.30279
603.8707
-373.45026
-195.6576
-178.43304
-12.6107
47.19721
-173.14977
-328.2882
77.90379
-200.1317
-613.19543
-12.095398
178.43312
12.6107
-47.197823
376.2264
-209.4871
-74.2394
600.5746
-373.51416
-187.21298
-178.22388
-12.978309
47.88346
-171.11816
-329.2035
71.67845
-199.98056
-614.77277
-15.597801
178.22395
12.978463
-47.882843
375.42255
-210.66866
-69.55532
597.1962
-382.95413
-175.07376
-179.25287
-11.56041
44.269314
-181.079
-328.00644
57.464977
-199.1826
-616.02625
-24.491451
179.25294
11.560101
-44.269005
375.19516
-211.48781
-69.72815
598.6136
-379.93793
-177.93512
-180.06723
-11.98219
40.70889
-180.81436
-328.3943
66.25351
-212.84035
-614.06946
-19.560387
180.06723
11.982344
-40.70889
377.19418
-209.7573
-57.996956
600.8408
-377.32605
-167.09729
-180.28197
-10.034765
40.28306
-190.61497
-324.70023
70.11112
-207.34062
-609.20654
-23.571404
180.28197
10.035073
-40.28275
382.0629
-210.70369
-48.348682
607.3348
-378.42188
-153.81526
