-124.54425
14.111301
-136.06854
-140.93755
160.58815
-392.87808
-75.350075
412.76797
-541.55096
124.54425
-14.111151
136.06824
147.43613
-332.34192
146.21283
173.98164
-618.31665
59.530846
-123.03155
17.661932
-137.02663
-138.15019
146.55705
-406.63425
-45.33374
302.25452
-645.6811
123.03155
-17.661932
137.02663
151.73068
-336.23123
139.25024
180.79907
-623.0232
56.151413
-123.29727
12.257291
-137.37753
-144.62955
90.10789
-435.07465
-42.935913
152.3097
-710.3733
123.297195
-12.2574415
137.37723
147.15889
-330.9282
133.98427
177.25238
-618.4402
53.789482
-127.624664
11.797538
-133.40834
-138.51985
-7.1471133
-448.71063
-38.623062
9.204504
-731.1168
127.62482
-11.797538
133.40804
149.08917
-330.73578
135.66937
172.026
-622.2375
68.58251
-120.359795
16.62305
-139.50708
-126.142914
-106.12955
-426.67325
-21.834618
-122.91724
-707.4542
120.35987
-16.62305
139.50677
143.39627
-334.58682
124.04201
170.12805
-621.1828
39.495316
-120.61093
17.131552
-139.22821
-128.37575
-159.73709
-398.68277
-26.911713
-203.3357
-677.6168
120.611084
-17.131552
139.22821
143.88719
-334.82257
121.9234
170.3502
-622.0719
39.536957
-122.81112
16.768602
-137.33607
-147.19647
-148.88628
-408.3812
-39.75718
-192.07259
-685.1333
122.81112
-16.768602
137.33638
143.62476
-334.80075
121.11678
171.47826
-624.4116
47.974762
-122.06908
18.04948
-137.83446
-151.58455
-82.94025
-438.99417
-41.05886
-97.411644
-717.5164
122.06893
-18.04948
137.83475
144.43246
-335.68704
115.99413
171.50723
-624.006
37.641205
-124.72176
16.752356
-135.60533
-134.38538
28.435268
-445.822
-37.123283
52.98369
-728.55414
124.72169
-16.752506
135.60564
138.78505
-334.32178
146.79582
166.52931
-608.89844
29.161118
-126.283195
14.236603
-134.44278
-159.78203
114.48622
-422.90115
-62.82007
204.47429
-692.1604
126.28327
-14.236753
134.44278
142.33238
-333.11066
147.57039
170.89615
-620.3888
65.989655
-120.688194
12.763855
-139.62924
-151.41638
141.84178
-411.7733
-79.487175
329.41782
-634.57684
120.6885
-12.763855
139.62984
146.58076
-330.68845
146.70215
179.39212
-620.5244
76.57005
-122.73596
14.838536
-137.62503
-158.35397
187.6381
-382.3605
-111.01335
422.3612
-563.09216
122.73604
-14.838536
137.62534
145.58278
-332.98807
141.80206
180.65369
-624.92126
82.2619
-126.324356
13.38541
-134.49184
-176.57153
204.30086
-368.8563
-135.89717
465.38422
-510.91644
126.32451
-13.38541
134.49123
148.99532
-330.74664
153.77092
179.81345
-620.55096
82.61124
-125.85046
13.108693
-134.96214
-168.66042
211.15459
-361.9581
-145.18198
486.86743
-477.85107
125.85046
-13.108844
134.96243
150.86496
-331.01892
149.44339
171.23085
-618.6065
66.506096
-126.794174
12.412453
-134.14246
-164.20265
203.59363
-366.17917
-130.16017
473.87674
-491.83005
126.79425
-12.412453
134.14217
150.62032
-330.54382
138.76422
170.77911
-620.0354
62.68345
-132.05913
12.115885
-128.99068
-155.44221
169.5481
-386.52124
-118.81676
426.087
-537.6713
132.05936
-12.116035
128.99039
153.97758
-330.63608
133.27399
174.94907
-622.08923
65.33851
-127.674934
11.06817
-133.4227
-147.16183
129.21033
-410.6795
-85.38629
344.3219
-610.4564
127.67486
-11.06817
133.4227
155.13794
-329.15808
128.86003
178.92627
-619.61273
57.654617
-127.84977
9.176228
-133.39865
-147.17357
91.70798
-422.16592
-68.72464
218.4816
-682.50073
127.84969
-9.176378
133.39894
155.05434
-327.34946
136.78014
185.60753
-619.15533
74.20355
-128.97594
9.203476
-132.30846
-178.16487
5.4598346
-438.2364
-67.925224
107.595215
-697.8815
128.97578
-9.203476
132.30846
151.29391
-327.8063
145.94101
189.7236
-617.91626
79.9154
-129.00484
8.053695
-132.35515
-191.7208
-74.10766
-426.7393
-91.44294
-14.938606
-703.22327
129.00484
-8.053695
132.35515
153.49377
-326.50128
142.39285
194.65579
-620.7485
100.868546
-127.767624
8.969249
-133.49167
-173.26884
-113.69491
-417.92584
-60.879005
-86.80646
-694.77515
127.767624
-8.969249
133.49138
152.54805
-326.9546
145.96748
188.66641
-620.6968
96.865776
-122.899605
10.291959
-137.89384
-124.31723
-162.31291
-382.3851
4.363373
-223.82645
-646.31195
122.89968
-10.291959
137.89415
155.22156
-328.08624
129.41995
192.33093
-620.7744
75.045784
-124.08322
11.104549
-136.76637
-143.81615
-161.30301
-383.65662
-13.25412
-246.74982
-639.88385
124.0833
-11.104549
136.76637
161.03409
-329.08847
135.53682
200.35739
-619.9892
73.646194
-127.18981
11.065335
-133.88574
-153.22374
-141.37039
-396.3359
-39.52446
-203.37025
-666.94354
127.18981
-11.065185
133.88513
157.33954
-329.79514
147.11671
201.5697
-614.0582
62.039207
-128.86598
11.479993
-132.23758
-168.4811
-96.785385
-423.2273
-53.91947
-105.6293
-700.35077
128.8659
-11.479993
132.23758
155.8445
-330.1164
138.84845
190.55688
-616.9464
58.07979
-132.96245
10.990084
-128.16106
-194.23277
1.3103473
-447.98016
-73.96539
23.031708
-721.9581
132.9623
-10.990234
128.16075
149.33252
-329.74594
141.81602
181.19893
-612.52625
46.843346
-134.04648
10.298014
-127.084694
-175.87364
66.88102
-433.53003
-63.435516
157.73322
-696.4055
134.04655
-10.298164
127.0844
147.98251
-328.89862
140.92624
179.36473
-612.95575
49.675568
-124.72168
8.958957
-136.34238
-170.83694
107.24267
-424.4404
-77.37813
274.0802
-655.5912
124.72168
-8.958806
136.34238
152.83513
-327.44608
135.80826
176.31961
-617.401
62.496346
-128.12914
10.150666
-133.05989
-158.51044
148.30093
-402.21603
-85.432915
354.73883
-607.26013
128.12914
-10.150516
133.0596
151.2963
-328.50827
137.59499
176.35541
-616.9962
59.193886
