81.225845
17.551773
-165.2856
97.85869
-294.64008
-230.30269
155.89659
-588.9093
-236.40526
-81.225555
-17.551918
165.28557
-115.46926
-330.94937
205.08049
-31.657722
-617.44653
234.99734
84.44115
17.162973
-163.7076
101.08354
-295.31216
-228.36409
160.65091
-589.2184
-236.78287
-84.44086
-17.162973
163.70741
-110.37925
-331.1043
204.35876
-31.586494
-619.2727
231.75677
84.55964
16.897245
-163.67381
102.831635
-295.17084
-230.31046
166.26971
-588.37024
-233.42839
-84.56022
-16.897318
163.6737
-114.39505
-331.60132
196.5219
-27.954117
-616.2739
235.11559
82.82373
16.889528
-164.56006
108.60592
-294.31027
-229.11624
175.21744
-586.67285
-219.78726
-82.82344
-16.889528
164.55995
-111.65753
-331.01865
196.68811
-29.442589
-617.70105
229.1523
85.077065
17.163036
-163.37788
124.038605
-293.03333
-225.23169
193.1578
-584.6894
-212.61108
-85.077065
-17.162964
163.37785
-108.44828
-330.35635
208.16664
-28.324173
-618.61163
230.28044
84.8973
16.716131
-163.51767
146.42276
-291.5066
-216.85432
224.69336
-580.708
-201.48422
-84.89759
-16.716059
163.51749
-110.53318
-330.8405
200.09082
-30.13012
-618.2312
230.78151
84.75334
15.1159725
-163.74805
161.43738
-288.74994
-225.64552
256.92493
-572.0392
-200.55942
-84.75305
-15.116045
163.74792
-115.8683
-329.5437
192.65814
-28.105698
-613.6902
232.1363
86.79709
16.78502
-162.5102
191.13852
-280.26282
-216.18181
310.85956
-552.9553
-180.04762
-86.7968
-16.78502
162.51015
-113.12359
-331.29608
196.00667
-27.551361
-616.5581
232.10316
89.597786
17.854305
-160.8676
215.60461
-271.66165
-198.46669
355.34827
-532.7568
-150.49753
-89.598366
-17.854233
160.86778
-112.586845
-332.2151
194.38487
-23.019867
-615.65686
234.86377
91.71625
18.284271
-159.62088
229.74791
-266.04868
-196.98528
387.2099
-514.9628
-139.9987
-91.71625
-18.284271
159.62085
-112.728134
-332.69885
195.12308
-31.165527
-619.17664
230.87288
98.01404
18.483953
-155.80943
255.2749
-256.73044
-180.07988
432.74036
-490.55368
-118.170975
-98.01404
-18.483953
155.80954
-105.573555
-332.60483
192.30064
-31.240479
-621.661
222.65076
102.15155
20.094372
-152.9259
284.43613
-239.39859
-176.01624
475.74957
-460.92905
-110.26354
-102.15125
-20.094444
152.92572
-108.558556
-335.25833
184.73921
-31.18309
-623.0049
219.59512
104.56196
20.04118
-151.29492
301.07626
-230.93869
-165.40758
513.3051
-430.5074
-93.77479
-104.56196
-20.041252
151.29489
-110.298836
-334.0507
184.99794
-29.344437
-621.13416
217.08307
105.675865
20.193956
-150.49855
318.39624
-217.80338
-164.68239
546.788
-392.7511
-79.65018
-105.675865
-20.193884
150.49858
-119.84848
-334.8333
182.46648
-33.28235
-619.62415
219.88945
108.2888
20.8206
-148.54303
319.3018
-221.36269
-167.08345
563.15796
-371.82538
-78.22877
-108.2888
-20.8206
148.54308
-122.16547
-334.9677
180.76546
-35.572006
-619.75824
218.12772
110.795975
21.985563
-146.51244
319.21152
-221.35986
-155.49368
577.0137
-349.4989
-71.123
-110.795975
-21.985563
146.5124
-117.83927
-336.54544
175.13359
-31.654633
-621.0038
215.82324
111.86797
20.624655
-145.89427
339.01764
-203.28549
-157.48885
596.0515
-325.0226
-62.023254
-111.86826
-20.624727
145.8943
-111.86895
-334.428
177.58365
-25.591347
-619.6979
211.89554
114.54619
20.327215
-143.84358
353.77118
-193.29482
-150.88773
619.69934
-296.52325
-58.01098
-114.54619
-20.327143
143.84361
-120.015564
-335.1572
173.49501
-30.469574
-618.4639
214.95374
118.970955
19.789125
-140.28302
362.93558
-185.17174
-145.0675
633.6282
-273.6906
-50.781044
-118.970665
-19.789053
140.28313
-115.012054
-334.66083
170.99242
-26.193237
-618.37964
211.17781
121.76753
18.211956
-138.07953
372.45477
-179.26483
-145.93352
649.18756
-249.02518
-53.45407
-121.76782
-18.211956
138.07957
-114.8075
-333.5915
167.93916
-26.3423
-617.1821
209.77524
124.572525
18.407995
-135.5281
384.3196
-168.87682
-143.67221
662.2699
-226.72255
-46.731346
-124.572235
-18.408068
135.52808
-117.43645
-333.7167
165.47015
-34.827423
-619.1863
206.49312
126.687904
17.497871
-133.67465
395.52322
-156.85812
-131.28186
678.0796
-201.69841
-40.997475
-126.688484
-17.497871
133.67476
-122.1682
-333.2418
164.02174
-33.183357
-616.5449
206.69536
129.37515
16.134714
-131.2505
405.5819
-146.49663
-124.8681
686.69507
-185.3421
-27.572655
-129.37544
-16.13464
131.25058
-118.715935
-331.47897
163.08003
-32.98558
-615.8308
205.43974
132.4533
16.745167
-128.06546
410.61935
-138.26305
-117.73748
691.63965
-159.69339
-14.935051
-132.453
-16.745241
128.06546
-123.84377
-331.98755
158.43872
-36.121483
-615.7201
200.87265
135.0941
17.120409
-125.22574
422.8649
-123.20766
-107.75762
703.68243
-140.5561
-3.639717
-135.0941
-17.120409
125.22567
-125.253975
-332.06287
158.48476
-40.442574
-616.7871
200.1878
135.94052
16.47145
-124.394066
436.2417
-105.408295
-99.340675
718.2656
-111.471954
2.7659073
-135.94052
-16.47145
124.39392
-128.75357
-331.4755
158.06409
-44.6444
-616.3708
200.02025
135.13097
16.651583
-125.24955
441.93985
-77.56317
-80.6683
722.80396
-59.270973
23.162163
-135.13039
-16.651655
125.24934
-133.82542
-331.60733
155.78975
-52.22239
-617.3164
197.15752
136.75627
16.552969
-123.485794
454.11948
-33.1762
-73.59974
734.5818
-10.192961
30.384178
-136.75598
-16.552969
123.48594
-138.10461
-331.98813
155.64648
-53.21942
-616.02026
201.69269
131.9461
15.434957
-128.75201
444.92764
19.302399
-56.059093
726.7494
41.084038
44.4499
-131.94553
-15.43503
128.7519
-137.65979
-331.51526
155.39073
-54.416595
-615.86255
202.478
