-179.5562
6.305774
44.100044
-394.37543
-208.00069
164.19156
-668.96875
-89.04014
185.33151
179.5562
-6.3057942
-44.100044
361.46597
-244.15909
92.852066
626.4627
-106.75893
62.886856
-179.95654
5.964057
42.486164
-389.26282
-208.74742
171.25623
-663.9529
-90.52883
195.12537
179.95654
-5.964057
-42.486164
378.07104
-232.52885
91.664474
642.37604
-91.5844
75.005135
-180.55052
7.380015
39.64898
-383.6545
-198.13742
182.64478
-661.04785
-86.7166
207.90985
180.55054
-7.380015
-39.64898
378.5482
-233.96039
89.9676
639.8109
-86.75757
81.41818
-180.4875
8.09569
39.79601
-386.55264
-195.08226
186.65793
-667.50757
-92.457275
209.73285
180.4875
-8.09571
-39.79601
391.66226
-230.39653
75.70353
651.12427
-79.83296
78.87732
-179.5444
8.02508
43.86804
-392.8906
-196.81636
168.1911
-670.3092
-88.2346
203.53076
179.54437
-8.02508
-43.86804
386.63202
-231.02736
71.73052
645.1254
-79.55386
56.33792
-180.07997
8.741736
41.470295
-404.05872
-186.75728
146.61308
-672.1802
-61.446472
195.68515
180.07997
-8.741756
-41.470295
384.62564
-241.05138
61.373604
637.76733
-80.960785
44.33603
-181.13712
8.455895
36.644985
-400.2058
-194.17207
131.40956
-674.00385
-75.55403
162.46437
181.1371
-8.455915
-36.644985
381.3578
-254.08427
39.70758
629.31445
-86.4337
19.44013
-181.91028
7.1731396
32.89673
-406.63684
-198.07603
119.46419
-687.14465
-95.151955
146.33385
181.91028
-7.1731596
-32.89673
380.45374
-261.9488
25.038578
633.1812
-103.12956
-5.0490036
-181.88141
5.9740114
33.293602
-404.4167
-210.6129
109.84932
-686.29346
-110.20161
88.33074
181.88141
-5.973992
-33.293602
384.43463
-263.39584
-5.539719
639.2287
-116.01048
-63.48408
-182.1562
4.929236
31.934679
-417.2426
-209.88676
64.41388
-692.03375
-108.96186
-1.1910706
182.1562
-4.929236
-31.934679
384.8272
-265.1445
-27.194382
636.83704
-125.82573
-111.34501
-181.53015
6.9453597
34.979507
-409.20218
-222.8352
48.223507
-671.67224
-117.21444
-51.544903
181.53015
-6.9453597
-34.979507
380.6365
-268.3748
-55.32535
626.0215
-136.25688
-166.37076
-181.49068
6.164525
35.32897
-416.50067
-222.22345
21.732056
-661.3478
-106.762054
-107.56825
181.49069
-6.164525
-35.32897
386.29776
-260.2342
-88.51878
625.27356
-126.88907
-211.44012
-181.27332
5.619371
36.515823
-416.2569
-211.1434
-9.127115
-643.27783
-81.00845
-155.8459
181.27332
-5.619391
-36.515823
390.3133
-250.0882
-114.117134
624.3348
-121.12509
-250.50803
-181.6118
4.7907853
34.917015
-424.14026
-199.973
-20.559433
-633.0586
-62.265198
-186.05777
181.61177
-4.7907653
-34.917015
398.09708
-234.00487
-138.41536
626.8398
-112.75973
-289.99503
-180.69258
5.021078
39.369827
-416.21655
-200.63353
-45.35514
-623.73444
-64.65256
-214.01312
180.6926
-5.021098
-39.369827
385.68994
-246.96236
-134.2467
599.7992
-119.99109
-301.6848
-181.19547
5.2846284
36.949684
-414.66397
-201.87622
-53.62521
-605.82446
-71.17082
-244.34425
181.19548
-5.2846284
-36.949684
375.20557
-255.24309
-134.58359
565.3447
-121.83644
-324.45135
-180.22789
4.3664036
41.5192
-389.713
-208.38577
-74.08999
-559.9461
-75.245834
-282.16318
180.22789
-4.3663836
-41.5192
365.1828
-253.27019
-143.8022
523.6243
-125.9682
-364.4614
-179.55562
4.226045
44.349922
-369.04538
-212.6055
-95.13125
-521.7535
-67.325836
-308.61206
179.55563
-4.226045
-44.349922
359.47247
-254.15225
-165.7807
489.96338
-130.37936
-405.88983
-180.14928
4.2968655
41.866207
-370.16943
-213.89613
-105.5206
-504.69556
-60.503387
-325.4601
180.14925
-4.296885
-41.866207
343.53946
-241.21556
-196.96684
445.26416
-110.70053
-447.20255
-180.5408
3.5938635
40.213234
-364.75293
-204.7476
-125.0288
-457.7279
-49.108
-364.05176
180.54079
-3.5938833
-40.213234
327.1814
-238.10051
-217.14508
403.10452
-105.350555
-475.24026
-181.76604
2.8498273
34.321785
-361.69885
-196.84595
-146.41594
-438.61865
-44.009308
-392.83896
181.76604
-2.849847
-34.321785
317.80762
-227.2945
-226.1385
364.28656
-90.15794
-488.88037
-181.41443
0.95907533
36.233784
-347.81522
-201.3453
-156.00107
-401.6692
-53.541855
-411.44946
181.41443
-0.95909524
-36.233784
303.61453
-210.19113
-252.53062
326.79715
-82.3011
-522.91315
-181.3027
0.7663344
36.793274
-316.66943
-214.28932
-162.91159
-366.4762
-52.944412
-410.87756
181.3027
-0.7663344
-36.793274
282.59534
-228.5231
-241.80836
283.9038
-70.29613
-496.68582
-180.35922
1.0262326
41.164284
-295.73718
-214.32495
-168.27667
-329.58078
-50.259293
-417.1483
180.35922
-1.0262326
-41.164284
286.71976
-229.228
-245.149
263.81445
-65.874374
-495.73022
-181.7785
1.6745306
34.333344
-295.53964
-229.45496
-160.32494
-303.7207
-60.336395
-407.97787
181.77847
-1.6745505
-34.333344
269.56735
-220.80441
-251.05666
222.90929
-44.3694
-489.16107
-180.8801
1.1926266
38.806847
-295.13403
-213.13101
-174.7678
-291.6507
-58.138626
-431.60474
180.8801
-1.1926068
-38.806847
273.81842
-212.75151
-267.81546
223.1879
-51.955475
-515.97107
-178.48427
-0.8499276
48.658398
-258.56216
-210.95769
-179.41817
-241.40967
-44.54271
-428.43994
178.48427
0.8499077
-48.658398
276.4629
-219.5256
-271.9571
213.41023
-59.02353
-517.44324
-177.4586
-2.5941985
52.217976
-245.7339
-212.67917
-179.31978
-210.47444
-39.687424
-421.87003
177.4586
2.5941985
-52.217976
240.10522
-229.40373
-270.32755
174.14581
-49.34146
-501.03717
-175.55397
-2.7467663
58.294624
-235.88034
-212.47522
-175.88884
-187.62567
-46.325577
-420.97205
175.55397
2.7467663
-58.294624
236.27542
-241.17204
-265.20697
165.32025
-61.328262
-494.6009
