alex
167.30667,244.41377,174.41139,940.2897,412.7071,267.96515,237.87958,0.7
alex
164.85744,244.3029,175.24226,937.1772,414.4358,267.87845,246.7791,0.7
alex
157.2287,237.16609,180.58832,941.3434,421.37054,291.18204,252.76907,0.7
alex
161.97173,241.03015,179.55862,943.84595,420.7151,271.30222,243.55348,0.7
alex
164.95038,242.32155,179.05476,943.65515,419.3579,274.16037,251.88574,0.7
alex
166.33159,243.63805,177.67697,942.7667,417.73315,283.36887,224.6513,0.7
alex
132.68532,233.30019,193.76894,937.3942,443.46228,284.41205,273.04083,0.7
alex
145.02783,240.99603,187.21635,940.468,433.93903,284.0449,247.52194,0.7
alex
156.49718,245.28577,182.206,942.05115,427.15002,275.25955,262.60153,0.7
alex
148.06186,257.4811,186.12828,943.4802,437.7163,277.23944,246.40038,0.7
alex
140.26472,236.76776,187.92967,938.6364,435.41278,317.11438,246.13329,0.7
alex
143.48145,236.30594,185.5283,935.3799,431.85315,308.41818,250.14139,0.7
alex
141.50659,250.13951,185.86092,937.1873,434.37387,290.93143,234.30766,0.7
alex
157.29184,248.25317,176.87132,919.3631,420.39203,280.2444,230.79655,0.7
alex
165.23114,250.57417,172.94113,927.5334,413.59103,276.00665,221.73373,0.7
alex
114.01044,240.86401,193.00972,919.3827,444.94824,323.14844,311.4022,0.7
alex
122.70742,233.81155,190.73679,922.65,439.7082,318.97467,262.75955,0.7
alex
156.46187,246.85175,170.7485,916.25934,410.75903,269.40265,286.59155,0.7
alex
167.60822,247.67993,166.52368,916.3302,403.158,272.66068,219.53903,0.7
alex
149.51813,257.10516,183.7979,938.79724,437.21024,270.64948,215.2496,0.7
alex
153.99445,266.04483,179.50803,937.04956,430.69342,291.6558,206.62718,0.7
alex
168.89792,243.75636,170.07487,929.2302,406.87195,308.1636,212.21828,0.7
alex
157.96349,243.66954,175.04054,927.829,414.3261,309.50134,218.51866,0.7
alex
164.53171,240.78395,176.6009,927.9663,416.57635,263.4927,287.33188,0.7
alex
167.17491,241.01994,176.73337,928.67523,417.695,271.53323,250.2315,0.7
alex
154.14624,239.06448,174.29565,916.81506,411.76486,298.6988,248.2977,0.7
alex
153.42334,248.37886,175.8364,928.9109,417.00012,309.0023,248.26657,0.7
alex
158.03413,261.73618,175.9602,929.1775,421.80743,275.73557,219.6048,0.7
alex
111.46762,240.67307,193.16069,915.08093,445.7699,327.67593,299.89676,0.7
alex
144.61172,241.96248,182.39584,927.76904,427.23294,309.91486,275.22235,0.7
alex
162.83249,258.00653,172.39845,929.9208,415.19086,291.6964,276.04755,0.7
alex
146.19618,253.36464,179.64742,930.2562,425.75208,278.7396,263.90265,0.7
alex
153.44376,253.12515,177.59587,925.1311,422.15356,280.17737,257.42047,0.7
alex
183.60313,265.5159,167.09027,938.3826,409.0074,274.07877,222.47885,0.7
alex
135.46967,258.72345,186.77,932.99713,440.16486,326.87793,240.14465,0.7
alex
141.5829,249.0016,183.01869,930.0447,430.16144,323.57776,246.23158,0.7
alex
151.54599,248.6703,180.52237,934.6849,425.41223,303.92822,250.31126,0.7
alex
117.11767,231.50188,192.10405,928.4474,441.11163,298.0903,285.3129,0.7
alex
118.86605,229.55885,191.47292,934.6889,439.0546,297.93555,293.7867,0.7
alex
189.75723,264.95837,157.4494,935.6824,391.01233,310.33972,239.8296,0.7
alex
196.6051,272.3151,166.12738,945.772,409.00488,297.26202,230.88403,0.7
alex
170.93027,261.31152,175.12149,944.9132,418.78708,293.1735,251.3686,0.7
alex
165.06242,256.6345,176.37674,942.4994,419.2331,290.21243,232.66641,0.7
alex
161.02702,254.07893,178.19289,943.9976,421.86792,311.57468,194.94693,0.7
alex
157.07082,250.21487,179.31036,942.8722,422.64658,283.09598,255.25867,0.7
alex
161.64014,251.1009,177.90456,941.8247,420.16418,291.3341,233.16914,0.7
alex
162.49635,250.42517,176.05603,943.1301,417.07532,290.1023,244.42813,0.7
alex
139.50589,247.9565,184.37883,947.9972,429.95502,292.37714,261.17947,0.7
alex
164.85583,262.1212,174.24037,946.89905,417.35147,284.84354,252.8276,0.7
alex
150.79428,242.60782,182.45009,958.97815,424.99573,279.5799,272.82315,0.7
alex
157.3612,246.89966,179.26988,949.051,420.5803,257.52335,280.57346,0.7
alex
174.9897,268.01376,172.9731,949.7835,416.1847,266.85892,197.81534,0.7
alex
168.22624,255.47374,176.5628,949.18774,418.74634,255.83626,262.5892,0.7
alex
164.98694,256.27194,176.17451,945.71655,418.9807,258.52502,280.37003,0.7
alex
135.63179,225.84608,189.93306,943.91626,435.00037,299.7672,288.6569,0.7
alex
164.73422,240.5535,176.58217,945.14343,416.42944,285.6611,261.01517,0.7
alex
167.1834,255.93965,175.46857,945.6221,419.56604,263.8231,270.75912,0.7
alex
189.83029,268.792,164.46092,946.4032,404.9792,272.8309,259.75864,0.7
alex
156.40335,265.57523,179.47797,945.428,427.85852,278.12897,234.79738,0.7
alex
159.67737,256.47433,177.94644,943.5323,422.53085,287.31503,247.49818,0.7
alex
159.83665,249.22774,178.25826,944.16675,421.35712,280.9981,257.7738,0.7
alex
154.7423,246.99532,182.01842,945.9635,427.11252,277.89716,254.82567,0.7
alex
170.33258,253.69582,176.4068,950.59753,419.32623,275.15448,248.16396,0.7
alex
168.14438,254.56114,176.79984,950.14307,420.21185,275.50256,247.43799,0.7
alex
162.63226,253.30162,178.30612,948.9298,422.80615,277.53662,221.82074,0.7
alex
161.12645,259.36597,177.92732,949.45325,423.66647,281.61243,213.57411,0.7
alex
143.53496,239.18137,186.08145,945.55115,433.66284,271.3516,246.21776,0.7
alex
154.13165,248.38892,186.52945,957.6543,440.82123,264.82986,193.67625,0.7
alex
150.59152,250.67337,184.33977,950.1977,435.40796,275.82642,206.66087,0.7
alex
148.14787,252.83934,183.118,946.474,434.068,295.3297,197.66643,0.7
alex
162.50018,254.46886,175.8071,946.1019,421.99805,298.65225,190.1776,0.7
alex
159.72311,248.31288,178.12984,944.6751,423.53192,283.33093,190.73184,0.7
alex
154.16594,246.32664,180.71352,942.34924,424.95642,279.6653,253.02856,0.7
alex
143.96938,240.28539,186.73499,945.1293,434.51468,301.13678,243.51558,0.7
alex
144.88571,244.3287,184.06708,940.0355,429.8664,285.4781,247.17711,0.7
alex
159.73991,255.56728,181.14348,948.1422,428.7749,278.40414,230.99951,0.7
alex
159.1863,257.4663,181.47665,947.1708,430.43817,280.9417,242.1303,0.7
alex
159.0335,254.10602,180.31091,943.80493,426.2176,284.4818,241.3561,0.7
alex
164.29749,254.9077,179.42871,942.3015,423.27222,286.6915,242.61896,0.7
alex
151.72765,243.60873,186.66289,942.5368,432.07123,312.50366,197.40688,0.7
alex
157.4262,243.76488,182.69833,944.5508,425.25827,298.46964,226.35605,0.7
alex
183.79956,255.68387,168.53145,943.45496,404.6318,297.86926,235.38556,0.7
alex
144.6807,226.3851,186.4292,941.2982,426.91632,291.12277,251.482,0.7
alex
149.64299,232.41937,182.90912,936.67566,421.7866,300.96634,273.63248,0.7
alex
150.08188,235.5108,182.81665,949.2035,422.79694,305.22983,282.0576,0.7
alex
134.37541,232.68835,192.75313,951.74634,439.5771,301.97525,305.17352,0.7
alex
170.09554,252.47832,177.97772,953.3656,420.35086,283.49377,252.60973,0.7
alex
193.823,258.92047,166.98744,952.7977,404.4209,290.48822,251.37183,0.7
alex
131.6969,239.82008,192.31305,941.2355,439.55795,327.4777,303.92245,0.7
alex
127.649704,232.51295,195.14084,944.0853,444.4098,292.6732,282.87637,0.7
alex
154.78444,231.85365,182.67923,946.9381,422.9032,274.95352,294.1106,0.7
alex
149.4333,233.58604,185.91614,948.6947,429.23022,280.91025,296.18912,0.7
alex
168.21675,247.6441,183.74667,964.8815,430.88065,275.13947,260.5844,0.7
alex
150.05426,231.93335,190.18883,960.7136,437.21448,301.86914,257.66263,0.7
alex
161.64766,245.1611,179.91832,953.4982,422.29126,278.16327,279.47665,0.7
alex
154.14256,244.80173,180.3152,947.42365,421.8729,276.8033,285.8624,0.7
alex
153.29892,245.17657,182.18584,949.67413,425.61063,278.7263,279.0932,0.7
alex
157.45341,245.30386,181.26337,953.5419,423.65326,279.4337,268.85544,0.7
alex
159.78214,246.36702,182.39012,957.17334,425.79605,277.244,274.35135,0.7
alex
161.41655,251.78337,179.62148,954.02484,422.9574,277.48364,252.36479,0.7
alex
163.1724,250.14685,179.4443,955.6205,422.9804,277.8443,241.64546,0.7
alex
178.30281,260.89218,165.40326,943.40515,401.0201,286.6266,238.84697,0.7
alex
148.9645,253.06429,184.22589,951.5753,430.79105,264.96716,264.92065,0.7
alex
146.83649,249.33167,183.36679,949.60693,427.73242,274.27267,269.61166,0.7
alex
157.01639,244.50027,179.5615,951.43005,420.0065,278.7056,257.35913,0.7
alex
156.78348,233.90823,179.55707,950.3006,418.2351,289.37946,270.06467,0.7
alex
135.24329,239.12773,193.63898,957.0669,444.17377,285.96472,270.67465,0.7
alex
148.92757,237.69211,187.43695,956.9512,433.06866,281.73892,270.38495,0.7
alex
161.32733,251.5162,180.42284,955.8268,425.13,272.64417,261.67236,0.7
alex
174.02339,263.57938,174.73405,954.6859,418.77905,272.14005,256.13406,0.7
alex
164.88829,239.6614,175.17015,943.5908,410.8286,252.39786,277.4826,0.7
alex
187.136,247.18668,165.4892,945.1887,396.61273,280.91867,264.6286,0.7
alex
172.6769,258.72037,173.25197,946.82196,414.14026,278.2168,254.77333,0.7
alex
170.16231,261.82053,174.2344,946.01117,416.41147,287.38376,236.66585,0.7
alex
146.7358,248.73642,184.30048,944.6161,429.3759,286.9052,268.967,0.7
alex
155.59175,251.5584,178.48267,944.75476,420.83237,278.1453,239.24788,0.7
alex
158.59283,250.53279,177.5343,946.99493,418.88376,280.56796,250.66174,0.7
alex
173.89423,259.73322,175.8148,960.1111,418.62225,289.62518,210.4639,0.7
alex
163.43477,252.12944,179.22232,955.0794,422.5481,285.68704,231.18983,0.7
alex
160.69434,251.5359,181.78735,955.679,426.85413,289.56726,247.8877,0.7
alex
182.87872,260.2178,167.60773,944.91504,405.4593,266.0929,247.53351,0.7
alex
169.44507,251.92216,168.6872,925.917,404.52197,265.68533,264.2851,0.7
alex
163.07524,250.15428,177.10133,941.3719,417.6267,283.78757,257.35092,0.7
alex
155.11212,248.10924,181.51187,944.2807,426.34265,299.43738,255.5044,0.7
alex
198.43523,287.31558,203.59071,1015.78564,473.38992,237.7984,265.50314,1.0
alex
198.16405,287.3725,203.60818,1015.5431,473.44763,242.822,265.9742,1.0
alex
197.84068,287.32104,203.60411,1015.1871,473.42007,237.50171,265.95944,1.0
alex
197.40027,287.3785,203.59882,1014.7875,473.42877,238.65457,266.19305,1.0
alex
197.50734,287.40598,203.6141,1014.886,473.4694,239.27829,266.201,1.0
alex
198.00145,287.40778,203.5576,1015.32104,473.37524,238.4165,265.09705,1.0
alex
198.39346,287.37665,203.59526,1014.93665,473.42114,243.11691,265.8388,1.0
alex
198.0002,287.29324,203.61264,1014.7077,473.4298,246.46094,265.9223,1.0
alex
198.09055,287.28705,203.55386,1014.8519,473.3228,241.35806,266.02408,1.0
alex
199.08035,287.3386,203.53496,1015.76685,473.30588,243.05595,265.73102,1.0
alex
198.87123,287.28662,203.52913,1016.0109,473.2611,251.34589,264.00357,1.0
alex
198.90887,287.3023,203.59195,1016.1378,473.39084,259.55536,262.74124,1.0
alex
198.31944,287.35126,203.56989,1015.1572,473.36536,273.27048,263.87518,1.0
alex
199.00626,287.29193,203.54756,1016.18604,473.32462,269.23117,262.62247,1.0
alex
198.13528,287.3772,203.58862,1015.35046,473.40936,259.06482,271.29367,1.0
alex
197.79356,287.3391,203.58302,1015.12024,473.3952,257.02042,272.94745,1.0
alex
197.47255,287.37524,203.60677,1014.7979,473.44556,254.5998,273.97635,1.0
alex
197.54915,287.3522,203.619,1015.01855,473.4583,250.00575,271.12167,1.0
alex
197.87688,287.3891,203.5937,1015.2546,473.42493,250.22939,271.4915,1.0
alex
198.34045,287.37595,203.55064,1015.6697,473.34473,258.4265,268.26233,1.0
alex
197.40157,287.39355,203.5949,1014.7516,473.43204,261.77704,267.3578,1.0
alex
197.19402,287.4079,203.615,1014.6382,473.47214,258.7086,267.25833,1.0
alex
196.6542,287.41037,203.59267,1014.03613,473.43625,262.60083,268.31088,1.0
alex
197.29254,287.39902,203.6204,1014.78705,473.47797,251.71336,269.34946,1.0
alex
197.40341,287.40176,203.62027,1014.8777,473.4804,255.9185,273.4459,1.0
alex
197.58327,287.37073,203.55003,1014.9413,473.35187,253.32588,275.16443,1.0
alex
197.85403,287.3694,203.59361,1015.268,473.42142,259.67673,270.06564,1.0
alex
197.86484,287.39624,203.57574,1015.2411,473.40012,262.74304,269.2425,1.0
alex
198.2035,287.40085,203.6099,1015.67786,473.46277,259.23447,268.11737,1.0
alex
198.38324,287.34244,203.61752,1015.8434,473.44055,261.0481,265.9433,1.0
alex
199.01932,287.36047,203.61952,1016.50037,473.45685,261.1095,266.81174,1.0
alex
197.41766,287.37543,203.62062,1014.8784,473.46368,260.14468,266.56506,1.0
alex
198.80124,287.39774,203.59192,1016.181,473.42926,259.19464,267.6359,1.0
alex
199.41339,287.40842,203.61353,1016.8074,473.47147,260.8785,265.8228,1.0
alex
197.96027,287.41754,203.62006,1015.3992,473.4862,262.81833,265.68887,1.0
alex
198.25543,287.41803,203.61972,1015.71643,473.48636,266.2538,265.18875,1.0
alex
197.55536,287.40842,203.62015,1015.0342,473.484,267.41602,263.8288,1.0
alex
197.32751,287.40524,203.62204,1014.79913,473.4828,267.46487,265.03864,1.0
alex
197.39993,287.41357,203.62158,1014.8638,473.48676,264.3968,263.86923,1.0
alex
197.34586,287.41928,203.62125,1014.76526,473.48926,259.3634,265.1106,1.0
alex
198.39436,287.41223,203.61989,1015.8395,473.48303,260.3304,264.76086,1.0
alex
198.38098,287.39154,203.61914,1015.8451,473.47046,267.2148,263.04483,1.0
alex
197.95798,287.39618,203.62099,1015.4169,473.47784,267.54895,262.2243,1.0
alex
198.7609,287.3938,203.62251,1016.178,473.48282,264.4795,263.41797,1.0
alex
198.3953,287.38876,203.62283,1015.88184,473.47476,265.87805,264.18777,1.0
alex
198.3417,287.40512,203.59177,1015.7781,473.4323,261.8789,265.68445,1.0
alex
199.14165,287.4108,203.59114,1016.496,473.4325,261.5979,264.7914,1.0
alex
199.34541,287.39755,203.57253,1016.645,473.39868,262.4396,266.00888,1.0
alex
198.29243,287.40753,203.59512,1015.6526,473.439,259.19455,266.07004,1.0
alex
198.17091,287.41794,203.61504,1015.6406,473.47775,262.53815,266.93674,1.0
alex
197.173,287.41754,203.62044,1014.6666,473.48752,258.1195,268.20187,1.0
alex
197.30267,287.41287,203.62083,1014.7853,473.48615,259.42722,266.44363,1.0
alex
197.78305,287.41733,203.62242,1015.27856,473.49045,261.5302,266.80722,1.0
alex
198.01765,287.39053,203.6222,1015.4283,473.47925,262.77048,265.42847,1.0
alex
197.05827,287.39542,203.62231,1014.5072,473.47925,262.11664,267.0982,1.0
alex
198.02548,287.41306,203.62234,1015.4518,473.48788,255.87968,267.38788,1.0
alex
198.26051,287.41003,203.62202,1015.74744,473.4878,260.55875,264.35895,1.0
alex
197.99115,287.3892,203.62222,1015.4853,473.47864,264.27856,264.6972,1.0
alex
198.17065,287.41196,203.6223,1015.63794,473.48697,262.53665,265.4628,1.0
alex
198.30092,287.39877,203.62169,1015.7134,473.4837,262.30524,266.78247,1.0
alex
198.58823,287.40564,203.62155,1016.0604,473.4837,261.14444,264.81516,1.0
alex
199.9278,287.36023,203.61584,1017.37317,473.46225,258.17776,264.96582,1.0
alex
199.82458,287.39157,203.618,1017.29224,473.47168,257.56775,263.6625,1.0
alex
200.13779,287.4039,203.57059,1017.4235,473.3957,256.1301,264.04642,1.0
alex
199.547,287.41418,203.57243,1016.8937,473.40228,257.39053,263.3878,1.0
alex
198.05707,287.41348,203.60341,1015.5089,473.45532,260.42368,263.86166,1.0
alex
197.32486,287.41333,203.58755,1014.7306,473.42825,260.82004,265.6697,1.0
alex
198.26149,287.32883,203.58345,1015.66437,473.39136,259.3521,264.7603,1.0
alex
198.20029,287.37326,203.60735,1015.65546,473.44064,258.8379,264.81625,1.0
alex
199.32118,287.38586,203.61873,1016.80566,473.4723,255.43288,266.45197,1.0
alex
199.93654,287.31036,203.60129,1017.2841,473.4016,255.52101,266.21716,1.0
alex
199.87831,287.36368,203.61464,1017.2888,473.4532,255.00853,265.3731,1.0
alex
199.87105,287.40573,203.62044,1017.3546,473.48022,253.73236,265.0146,1.0
alex
199.51703,287.36786,203.5662,1016.89166,473.37848,262.47495,263.80353,1.0
alex
200.22316,287.32645,203.59169,1017.60406,473.4062,246.60329,265.58972,1.0
alex
199.65923,287.3618,203.61217,1017.08777,473.44974,244.41196,265.88068,1.0
alex
199.53082,287.37384,203.61917,1017.00586,473.4613,248.84306,266.86133,1.0
alex
199.71571,287.40173,203.6216,1017.20776,473.4804,249.68124,268.18408,1.0
alex
199.17711,287.4089,203.62207,1016.681,473.4867,252.45938,266.8948,1.0
alex
199.12688,287.4096,203.61978,1016.62854,473.48206,252.70291,265.38773,1.0
alex
199.63322,287.40292,203.62201,1017.1441,473.4853,251.20058,264.48517,1.0
raweed
257.03363,300.82776,202.93718,1129.0065,477.94125,265.2735,318.7407,0.7
raweed
257.608,299.5993,200.99988,1128.1335,473.9994,266.19305,320.609,0.7
raweed
254.82678,300.644,202.32112,1132.9,476.52588,266.81454,314.3011,0.7
raweed
251.4867,299.0995,203.08815,1128.3872,477.33264,267.45645,315.05792,0.7
raweed
252.46588,297.25204,202.3054,1128.0896,475.6546,268.44772,305.91956,0.7
raweed
252.56229,295.91504,201.4647,1127.7836,474.0589,267.8205,306.69934,0.7
raweed
251.64296,295.73505,201.3776,1126.1567,473.75992,268.5947,312.74704,0.7
raweed
250.65736,296.62668,201.11687,1124.173,473.5119,268.27362,304.34674,0.7
raweed
251.9517,295.77484,200.97328,1126.1586,473.0092,267.65854,309.3025,0.7
raweed
256.026,295.28192,199.76877,1127.0477,470.32904,267.95074,306.86664,0.7
raweed
257.15186,296.1765,199.22716,1125.1727,469.65573,267.0834,311.53683,0.7
raweed
256.62082,299.62115,199.04987,1125.147,470.5502,267.55118,306.7546,0.7
raweed
254.55862,296.40277,200.01921,1125.5042,471.45465,271.0968,303.54034,0.7
raweed
255.18796,296.89746,200.04031,1126.2255,471.41864,270.15622,304.6103,0.7
raweed
254.37439,298.66318,198.8358,1124.0896,469.67267,270.39764,305.4031,0.7
raweed
254.5572,299.25607,198.69237,1125.4463,469.6321,271.43076,301.58127,0.7
raweed
256.37076,298.2854,198.72583,1126.1831,469.3293,273.0131,300.24112,0.7
raweed
257.27707,298.7469,198.57541,1126.1519,469.25208,273.3355,301.34198,0.7
raweed
258.31738,298.60828,198.40611,1128.7251,468.7702,271.3881,304.6922,0.7
raweed
256.8611,299.74408,198.20677,1130.3264,468.824,270.60977,301.77588,0.7
raweed
256.5806,302.22702,199.4012,1132.2487,471.87726,272.49042,299.9656,0.7
raweed
258.61774,302.5477,199.21764,1134.2214,471.5785,271.4302,303.36053,0.7
raweed
259.40555,302.3999,198.69258,1133.4166,470.5923,271.2732,309.13663,0.7
raweed
258.97543,304.6551,199.24496,1134.3816,472.06424,271.8399,306.2457,0.7
raweed
260.02524,304.3638,199.10092,1134.301,471.27875,269.47488,310.64517,0.7
raweed
260.47418,305.79572,198.57973,1133.7366,470.58646,267.40326,307.5628,0.7
raweed
261.70908,307.08356,199.27031,1134.8601,471.9936,267.45764,307.84192,0.7
raweed
260.7452,308.86896,199.8028,1137.407,473.52386,262.832,304.36896,0.7
raweed
260.6078,308.7435,199.74469,1136.5688,473.73407,262.62558,311.30185,0.7
raweed
261.0018,306.87897,198.43285,1134.5623,471.25125,261.24985,308.25665,0.7
raweed
264.1508,303.33868,198.04135,1138.1746,469.439,260.99884,308.9385,0.7
raweed
264.5005,301.6212,197.59995,1135.567,468.27353,260.9864,311.77585,0.7
raweed
261.87497,300.78427,198.55104,1128.7865,469.94733,261.93222,315.2387,0.7
raweed
259.71262,302.21332,200.0293,1129.1248,472.92596,263.35974,309.2681,0.7
raweed
259.67014,301.2788,200.54271,1128.8818,473.77115,263.90408,312.98087,0.7
raweed
258.7773,299.2461,201.97684,1129.3066,475.8133,264.7502,312.49313,0.7
raweed
217.29512,309.5545,219.2791,1097.9036,509.91174,313.0131,317.13718,1.0
raweed
216.0436,309.60767,219.34665,1096.7307,510.04846,309.45807,319.36642,1.0
raweed
216.12677,309.619,219.35786,1096.8154,510.07867,309.4767,319.95877,1.0
raweed
215.63068,309.6164,219.36484,1096.3463,510.09003,311.85895,320.12735,1.0
raweed
215.50368,309.6346,219.33669,1096.103,510.04688,310.8828,320.27136,1.0
raweed
215.69257,309.64606,219.3366,1096.2119,510.0512,308.5998,319.54053,1.0
raweed
215.41624,309.62677,219.34941,1096.066,510.06778,302.59497,320.15445,1.0
raweed
215.75323,309.63925,219.36476,1096.4355,510.09714,302.9954,319.83737,1.0
raweed
215.36143,309.62933,219.3617,1096.0565,510.0878,305.65164,320.26752,1.0
raweed
215.62813,309.63626,219.36873,1096.3369,510.1019,308.60696,321.6891,1.0
raweed
216.95773,309.64706,219.36897,1097.6619,510.1076,315.6885,319.9785,1.0
raweed
216.05807,309.64236,219.37045,1096.7673,510.10968,316.41846,320.88312,1.0
raweed
216.99722,309.64526,219.35211,1097.6261,510.0776,314.9424,319.6991,1.0
raweed
217.45837,309.64615,219.36292,1098.1581,510.09772,316.3532,318.79443,1.0
raweed
217.36983,309.61554,219.35733,1098.0651,510.07782,314.59058,319.55798,1.0
raweed
218.01752,309.60992,219.36615,1098.7079,510.08984,312.8936,319.78934,1.0
raweed
217.0189,309.6297,219.37016,1097.7385,510.1014,308.12643,320.80765,1.0
raweed
217.78304,309.64346,219.37093,1098.5192,510.1092,307.95807,320.9439,1.0
raweed
218.16449,309.63986,219.37021,1098.874,510.10596,311.03754,320.89185,1.0
raweed
216.49449,309.63562,219.34955,1097.1641,510.06937,307.03918,319.72217,1.0
raweed
217.2645,309.6388,219.36281,1097.9818,510.09445,307.777,318.72305,1.0
raweed
218.02962,309.64575,219.36948,1098.751,510.10828,308.62976,319.15042,1.0
raweed
217.9094,309.64594,219.37088,1098.6174,510.10995,305.76007,319.9906,1.0
raweed
216.96135,309.64374,219.37071,1097.6858,510.10986,305.04926,320.3111,1.0
raweed
217.26213,309.60327,219.3712,1097.9897,510.0982,304.98526,319.98224,1.0
raweed
217.21913,309.63535,219.37135,1097.9558,510.10544,305.4354,319.85184,1.0
raweed
217.10109,309.6259,219.37003,1097.8348,510.101,309.93585,319.3082,1.0
raweed
216.31538,309.63864,219.3707,1097.032,510.10687,305.57114,319.46454,1.0
raweed
216.20583,309.62048,219.3654,1096.9008,510.08752,307.66248,318.24805,1.0
raweed
217.12814,309.62875,219.3594,1097.8224,510.08447,311.51248,319.43716,1.0
raweed
217.46548,309.64124,219.36807,1098.1877,510.10358,306.4194,318.0725,1.0
raweed
216.97412,309.64304,219.34958,1097.6702,510.07275,294.68478,318.75537,1.0
raweed
216.3612,309.64548,219.36192,1097.066,510.09454,291.09518,316.29752,1.0
raweed
216.1225,309.62277,219.23839,1096.5604,509.8761,285.12296,318.76117,1.0
raweed
216.48532,309.63562,219.2607,1096.9454,509.91565,285.24524,320.30197,1.0
raweed
216.67366,309.64648,219.28287,1097.1604,509.95898,292.1205,321.62976,1.0
raweed
215.7813,309.63983,219.32744,1096.3788,510.03354,296.94614,322.58667,1.0
raweed
215.71704,309.6467,219.35861,1096.4121,510.08963,289.01636,322.561,1.0
raweed
216.12132,309.6388,219.3632,1096.8191,510.09616,289.80618,322.07718,1.0
raweed
215.91472,309.57693,219.36143,1096.6129,510.07388,295.37292,322.87402,1.0
raweed
214.75117,309.6022,219.3397,1095.4114,510.03833,305.94238,320.97253,1.0
raweed
214.79375,309.5682,219.35045,1095.4633,510.04956,314.65784,315.81412,1.0
raweed
217.81456,309.57797,219.29051,1098.2885,509.93707,308.0412,314.5085,1.0
raweed
218.22264,309.61588,219.29167,1098.707,509.9569,307.59116,316.95978,1.0
raweed
217.59889,309.6315,219.31076,1098.1387,510.00085,309.0061,317.92984,1.0
raweed
217.43393,309.6271,219.32047,1098.0463,510.01776,308.35428,316.47974,1.0
raweed
216.64804,309.62106,219.34607,1097.3055,510.05884,314.86853,315.2458,1.0
raweed
214.19386,309.61664,219.35828,1094.8418,510.07733,315.28854,314.85632,1.0
raweed
214.52658,309.56754,219.31999,1095.0702,509.99744,317.07532,320.13196,1.0
raweed
214.42174,309.55136,219.35023,1095.0735,510.03296,314.19565,320.2997,1.0
raweed
214.02135,309.5877,219.35667,1094.7115,510.0598,307.30014,318.94662,1.0
raweed
214.36162,309.618,219.36652,1095.0488,510.08664,315.63605,318.35434,1.0
raweed
215.77145,309.62973,219.35634,1096.4664,510.07697,310.96585,318.264,1.0
raweed
214.80449,309.63818,219.36334,1095.5134,510.09436,313.07922,319.07416,1.0
raweed
215.46158,309.58856,219.36847,1096.1909,510.0902,308.98096,321.01624,1.0
raweed
215.73503,309.59793,219.3657,1096.4579,510.08337,306.8463,316.07397,1.0
raweed
216.19926,309.61615,219.36546,1096.9197,510.08865,296.98502,315.92953,1.0
raweed
214.96774,309.62952,219.3675,1095.6482,510.09686,290.0925,318.27737,1.0
raweed
215.38658,309.6429,219.37071,1096.1003,510.10825,289.25357,318.92075,1.0
raweed
215.09232,309.6487,219.37003,1095.8081,510.11014,295.43488,319.04535,1.0
raweed
215.39908,309.63318,219.37088,1096.085,510.10468,302.2262,315.44055,1.0
raweed
214.36911,309.63937,219.37161,1095.0925,510.1084,296.94327,317.27664,1.0
raweed
214.84854,309.64294,219.36899,1095.5806,510.10645,293.0158,317.7269,1.0
raweed
214.74889,309.63824,219.37039,1095.468,510.10785,292.2763,318.67847,1.0
raweed
215.1406,309.64456,219.37112,1095.8743,510.11066,291.75552,318.2618,1.0
raweed
214.87607,309.64407,219.37128,1095.592,510.11005,287.2748,319.61874,1.0
raweed
214.83894,309.64822,219.37141,1095.5687,510.11273,291.8876,320.49844,1.0
raweed
215.78104,309.64874,219.37157,1096.4762,510.11343,293.02985,317.28616,1.0
raweed
216.08963,309.6504,219.37154,1096.8086,510.11377,291.85236,316.51175,1.0
raweed
215.42992,309.6477,219.37117,1096.1342,510.11267,288.53473,318.19623,1.0
raweed
215.5696,309.64853,219.37112,1096.2834,510.11182,282.5364,316.63983,1.0
raweed
215.0838,309.6482,219.33897,1095.7155,510.05627,282.57022,318.01843,1.0
raweed
214.69075,309.6405,219.34325,1095.3049,510.06192,285.77374,319.1002,1.0
raweed
216.39171,309.64386,219.3624,1097.0725,510.09457,289.68134,316.796,1.0
raweed
214.88765,309.64252,219.36809,1095.598,510.10443,286.99182,314.7001,1.0
raweed
215.6159,309.64005,219.36954,1096.3387,510.1067,294.11298,314.00375,1.0
raweed
214.96169,309.64758,219.37062,1095.6929,510.1105,297.68893,314.73532,1.0
raweed
216.0854,309.64972,219.37102,1096.8191,510.11273,291.65683,312.5445,1.0
raweed
214.64293,309.64954,219.35219,1095.3318,510.07983,288.69296,310.90793,1.0
raweed
213.3128,309.64838,219.36368,1094.0181,510.09973,286.61353,309.43344,1.0
raweed
214.47467,309.64807,219.3679,1095.1904,510.1068,287.77325,308.90677,1.0
raweed
214.35164,309.64792,219.3511,1095.0217,510.0777,287.40192,310.12064,1.0
raweed
213.9707,309.6502,219.36568,1094.6814,510.10376,287.96423,309.933,1.0
raweed
215.4775,309.64627,219.34677,1096.1438,510.0702,290.8087,312.00446,1.0
raweed
214.44313,309.63885,219.34804,1095.0345,510.06885,289.62378,312.03983,1.0
raweed
216.51544,309.63828,219.36159,1097.209,510.0901,288.76657,313.00137,1.0
raweed
215.75018,309.64642,219.36928,1096.4452,510.10767,288.88834,314.17072,1.0
raweed
214.21141,309.64285,219.36165,1094.9114,510.09393,283.73663,314.19095,1.0
raweed
215.43796,309.6387,219.3676,1096.1497,510.10333,286.4869,314.95673,1.0
raweed
214.40204,309.64474,219.37076,1095.1245,510.10934,287.2243,313.21567,1.0
raweed
215.76105,309.64975,219.37085,1096.4852,510.11218,289.20584,311.377,1.0
raweed
213.99799,309.65005,219.36931,1094.7314,510.10986,287.39426,310.8506,1.0
raweed
215.51855,309.64905,219.37042,1096.2495,510.11136,289.31445,311.7868,1.0
raweed
215.22992,309.64713,219.35898,1095.941,510.0903,287.52145,312.8995,1.0
raweed
214.3346,309.64658,219.3609,1095.0474,510.09436,286.7435,313.0122,1.0
raweed
215.20233,309.64685,219.35326,1095.8778,510.08118,287.41617,311.09494,1.0
raweed
215.16043,309.64877,219.35626,1095.8589,510.0865,290.31396,310.0323,1.0
raweed
216.36345,309.64288,219.26524,1096.8483,509.92828,288.8457,309.8445,1.0
raweed
214.52937,309.6457,219.33177,1095.112,510.04315,287.53366,307.66284,1.0
raweed
216.13248,309.6491,219.3582,1096.8245,510.09027,288.83896,307.2576,1.0
raweed
216.63094,309.64984,219.36815,1097.3065,510.10773,288.3243,308.65796,1.0
raweed
218.09288,309.63165,219.34863,1098.7361,510.06396,288.07645,308.2488,1.0
raweed
216.19124,309.64536,219.3614,1096.8754,510.09332,288.34433,308.7166,1.0
raweed
216.61781,309.6487,219.36897,1097.3048,510.10852,289.37537,308.3866,1.0
raweed
218.19011,309.64117,219.37045,1098.919,510.10843,292.87817,308.34525,1.0
raweed
216.23584,309.64752,219.37009,1096.9741,510.10974,295.45972,308.65186,1.0
raweed
216.8749,309.64618,219.32721,1097.4573,510.03586,291.71564,308.2986,1.0
raweed
216.75839,309.63168,219.36035,1097.3918,510.08636,288.58685,307.9684,1.0
raweed
216.81497,309.63217,219.34756,1097.4862,510.06558,295.55154,306.2583,1.0
raweed
215.87083,309.63135,219.35744,1096.5673,510.08264,289.44012,308.51596,1.0
raweed
217.43718,309.64313,219.36392,1098.1545,510.09717,291.83673,309.30298,1.0
raweed
216.24878,309.64746,219.36627,1096.9288,510.1034,290.23795,311.44498,1.0
raweed
217.3143,309.6417,219.36913,1098.0333,510.10474,288.40967,316.58368,1.0
raweed
215.41197,309.64633,219.37045,1096.1405,510.11005,284.14124,319.53384,1.0
raweed
216.73238,309.6437,219.37086,1097.4546,510.11017,285.37656,318.5142,1.0
raweed
217.85603,309.64813,219.36128,1098.5488,510.09497,288.6097,317.74866,1.0
raweed
216.92741,309.64102,219.34938,1097.5957,510.07208,285.53183,319.4875,1.0
raweed
215.57217,309.63226,219.35748,1096.2344,510.08087,282.01535,317.6421,1.0
raweed
214.85815,309.64334,219.36037,1095.5377,510.09143,282.75012,317.6652,1.0
raweed
215.09468,309.63083,219.3652,1095.8062,510.096,279.83182,318.47638,1.0
raweed
214.54358,309.6461,219.36948,1095.2661,510.10773,281.58923,317.5868,1.0
raweed
214.9785,309.6495,219.37114,1095.709,510.11264,284.0645,318.08115,1.0
raweed
214.97931,309.64764,219.37047,1095.7073,510.1109,281.87445,318.36444,1.0
raweed
215.32361,309.64685,219.37035,1096.0511,510.10965,281.64,318.5604,1.0
raweed
215.19508,309.647,219.3712,1095.9309,510.11212,285.96835,317.94064,1.0
raweed
214.91805,309.64822,219.37038,1095.6483,510.11108,285.0949,319.54822,1.0
raweed
215.75328,309.64783,219.37082,1096.4841,510.11108,283.13116,319.39178,1.0
raweed
216.18297,309.58878,219.37097,1096.9026,510.09375,283.73126,318.50726,1.0
raweed
216.85422,309.63553,219.37022,1097.5886,510.10336,282.02777,319.33438,1.0
raweed
215.31688,309.64404,219.37094,1096.0527,510.10956,281.4158,319.46436,1.0
raweed
215.43292,309.6404,219.36877,1096.1628,510.1048,283.8279,318.98563,1.0
raweed
214.8967,309.6487,219.37065,1095.6149,510.111,278.74915,318.1436,1.0
raweed
216.29384,309.64984,219.3556,1096.9624,510.08606,285.68823,317.69305,1.0
raweed
215.60072,309.64716,219.36543,1096.3016,510.1018,287.19537,318.7162,1.0
raweed
216.23166,309.6493,219.36925,1096.9604,510.10925,287.43793,318.79785,1.0
raweed
215.50941,309.62955,219.34032,1096.1415,510.05392,285.89847,318.78696,1.0
raweed
215.02014,309.6342,219.35786,1095.7078,510.08252,284.35776,316.86932,1.0
raweed
214.93288,309.6461,219.36656,1095.6564,510.1026,283.58362,316.07327,1.0
raweed
217.73705,309.6363,219.34975,1098.4023,510.07013,289.10434,315.32736,1.0
raweed
216.43834,309.6355,219.36223,1097.1267,510.09265,282.9961,312.63324,1.0
raweed
216.18526,309.64536,219.36815,1096.9084,510.10553,290.92245,309.27887,1.0
raweed
217.00705,309.64706,219.37076,1097.7437,510.1106,290.1305,307.62173,1.0
raweed
216.15678,309.6412,219.33896,1096.8252,510.05466,291.7926,306.5293,1.0
raweed
216.45767,309.64645,219.35938,1097.1646,510.09082,294.50922,308.0669,1.0
raweed
215.08553,309.61423,219.36847,1095.8115,510.09805,290.8116,309.4396,1.0
raweed
214.33455,309.6193,219.35493,1095.0393,510.07336,284.55936,311.51117,1.0
raweed
214.98218,309.6272,219.35652,1095.6655,510.07495,285.0066,312.91165,1.0
raweed
214.54076,309.63968,219.34361,1095.2148,510.0608,287.67023,312.57794,1.0
raweed
213.60791,309.64648,219.35721,1094.2909,510.08704,284.49066,311.9924,1.0
raweed
215.70894,309.64835,219.3678,1096.4072,510.1065,288.60596,309.8042,1.0
raweed
215.77798,309.6414,219.36942,1096.4878,510.10736,289.62338,309.0209,1.0
raweed
214.9582,309.64636,219.37082,1095.6797,510.11066,289.36343,308.35706,1.0
raweed
214.9063,309.64993,219.37146,1095.6302,510.11343,288.44757,308.9761,1.0
raweed
215.48569,309.6444,219.37149,1096.2062,510.1112,283.77515,309.11615,1.0
raweed
214.80106,309.63977,219.35587,1095.4977,510.08334,285.65994,309.99097,1.0
raweed
214.76431,309.64597,219.36234,1095.453,510.0957,284.20456,311.23343,1.0
raweed
215.85632,309.64835,219.36739,1096.57,510.10547,287.83096,312.34692,1.0
raweed
215.87964,309.65,219.37018,1096.5637,510.11142,286.7774,314.21338,1.0
raweed
216.4428,309.65088,219.34882,1097.0864,510.0749,286.40634,316.26828,1.0
raweed
213.49193,309.65143,219.35593,1094.1624,510.08728,285.01096,315.07623,1.0
raweed
215.19438,309.6503,219.36717,1095.9058,510.10638,287.43362,313.30804,1.0
raweed
215.26788,309.6418,219.36787,1095.9786,510.1042,284.19626,310.5254,1.0
raweed
215.29654,309.6277,219.36995,1095.9631,510.1041,286.72617,309.02798,1.0
raweed
215.85661,309.64203,219.37033,1096.5482,510.1078,290.96118,308.6671,1.0
raweed
215.56905,309.64658,219.37155,1096.2897,510.11197,291.54712,309.09662,1.0
raweed
215.90407,309.64154,219.37166,1096.6362,510.11,292.024,308.4933,1.0
raweed
213.91943,309.6373,219.37059,1094.6493,510.10492,288.78134,307.4906,1.0
raweed
215.32666,309.6332,219.37128,1096.0183,510.10593,289.96506,307.56937,1.0
raweed
214.98041,309.6165,219.37038,1095.6935,510.09302,290.2318,307.61673,1.0
raweed
214.84677,309.6168,219.33955,1095.501,510.042,288.4547,306.09152,1.0
raweed
213.2815,309.6398,219.35324,1093.9661,510.07678,286.63202,305.5924,1.0
raweed
215.57782,309.64752,219.36684,1096.3066,510.10416,292.14035,305.86798,1.0
raweed
215.4099,309.64822,219.36952,1096.1277,510.10938,293.47083,306.50757,1.0
raweed
215.63274,309.63626,219.36987,1096.3578,510.10315,292.9724,306.81738,1.0
raweed
217.1658,309.63367,219.37071,1097.8995,510.10544,293.72232,307.75183,1.0
raweed
216.56549,309.64328,219.37132,1097.2847,510.10938,292.85507,307.68484,1.0
raweed
215.31992,309.61423,219.35216,1095.9758,510.06934,293.113,306.14417,1.0
raweed
217.06548,309.64108,219.36546,1097.7672,510.0981,293.68167,307.96283,1.0
raweed
215.90746,309.6408,219.3701,1096.6384,510.10645,289.82004,308.51074,1.0
raweed
215.94624,309.6486,219.37086,1096.675,510.1117,290.11176,308.42975,1.0
raweed
216.9092,309.65012,219.3711,1097.6357,510.11295,293.57553,306.2965,1.0
raweed
215.80061,309.64975,219.35725,1096.4857,510.08917,294.42334,305.70483,1.0
raweed
215.63449,309.6455,219.36746,1096.3407,510.10416,290.22568,306.4796,1.0
raweed
216.53337,309.64606,219.37053,1097.2534,510.10968,292.1746,306.39005,1.0
raweed
215.60086,309.62888,219.3579,1096.3038,510.08362,292.92404,306.15268,1.0
raweed
215.28783,309.6436,219.36618,1096.0115,510.10095,293.11075,307.36517,1.0
raweed
214.07973,309.64618,219.3546,1094.769,510.08307,290.0675,306.73422,1.0
raweed
213.38522,309.6109,219.3503,1094.0686,510.06506,286.58228,307.17935,1.0
raweed
215.31573,309.6385,219.34988,1096.0046,510.0703,291.73297,306.70987,1.0
raweed
216.25696,309.64758,219.36403,1096.9719,510.0993,294.99353,308.9168,1.0
raweed
215.78482,309.65012,219.3689,1096.5117,510.1091,296.73386,308.77966,1.0
raweed
215.71179,309.6503,219.37027,1096.4484,510.11176,296.46228,305.52466,1.0
emad
282.31302,294.80368,203.31065,1164.619,476.1455,245.84714,348.5148,0.7
emad
273.36743,297.30478,202.7452,1149.7324,476.05078,251.12209,353.70746,0.7
emad
275.0457,300.26044,203.37962,1151.6099,477.80908,250.92313,344.56772,0.7
emad
273.6357,304.4682,202.1434,1146.9625,476.78775,249.12451,346.19693,0.7
emad
274.67578,302.94092,200.98425,1145.3071,474.28317,248.26154,345.8559,0.7
emad
282.13373,298.12704,199.57239,1148.9176,470.73077,251.86276,342.4272,0.7
emad
278.45114,296.9149,199.84378,1146.062,471.06598,253.97258,344.42557,0.7
emad
280.32285,296.31894,200.00786,1146.1958,470.74734,256.135,341.81995,0.7
emad
277.23517,297.16193,200.24675,1142.9167,471.56415,252.85326,343.0701,0.7
emad
258.7644,297.92334,199.86638,1122.6747,471.5278,251.60155,342.0407,0.7
emad
267.26816,298.38446,198.96504,1126.773,469.78012,251.74475,340.8951,0.7
emad
267.86655,300.98395,199.06174,1130.7214,470.6574,249.67198,349.63895,0.7
emad
265.27347,302.06012,201.63449,1134.4364,475.7672,252.56053,348.0129,0.7
emad
269.01184,305.20953,199.65086,1137.0681,473.03522,247.22813,347.76053,0.7
emad
273.96024,302.46326,199.93568,1141.5078,472.57837,249.80505,344.08252,0.7
emad
278.70047,300.30856,200.18121,1147.1261,472.16626,252.88577,340.39343,0.7
emad
278.6332,300.62637,200.72963,1149.1484,473.07788,253.26166,339.5827,0.7
emad
269.2483,301.76288,201.22266,1142.7147,474.27246,255.5142,340.4175,0.7
emad
273.633,301.4738,198.12009,1154.738,472.30695,254.99777,340.19418,0.7
emad
272.3927,292.50226,201.67679,1147.6008,472.49823,253.82422,339.65927,0.7
emad
264.6603,290.87433,201.58615,1136.1499,471.681,249.99622,342.37326,0.7
emad
263.8753,292.78165,201.47696,1131.95,471.91266,244.28377,349.79044,0.7
emad
261.2432,295.2874,202.46127,1126.6838,474.1274,247.76945,344.49893,0.7
emad
259.4596,295.61267,202.36545,1121.7899,473.35458,247.1925,348.1872,0.7
emad
259.66766,296.84497,201.47887,1120.573,472.31467,244.37903,350.2285,0.7
emad
219.1288,311.89926,207.26309,1087.5542,490.36868,316.01602,295.84332,1.0
emad
219.75923,311.9059,207.26875,1088.2078,490.39172,319.57825,294.98285,1.0
emad
220.32475,311.85025,207.2568,1088.723,490.3384,325.4853,291.40396,1.0
emad
218.47165,311.90225,207.19916,1086.7241,490.2621,319.44794,290.1478,1.0
emad
215.60887,311.876,207.1414,1083.7092,490.16626,310.46072,290.379,1.0
emad
220.13884,311.9581,207.26085,1088.5409,490.397,317.3991,291.76816,1.0
emad
220.10081,311.9351,207.15865,1088.3142,490.21667,322.14847,288.83804,1.0
emad
213.5004,311.93942,207.05319,1081.4849,490.03683,322.89233,302.12393,1.0
emad
214.20412,311.92316,207.02031,1082.0421,489.9741,319.39224,306.13742,1.0
emad
215.52065,311.93155,207.16339,1083.6099,490.2216,313.64206,310.62598,1.0
emad
215.48657,311.81757,207.23776,1083.78,490.28876,309.34213,311.5306,1.0
emad
214.16559,311.9475,207.26677,1082.6233,490.40128,302.8911,310.27182,1.0
emad
213.3983,311.9542,207.24889,1081.8171,490.37442,309.20578,307.83722,1.0
emad
214.37943,311.95505,207.25807,1082.7268,490.39117,313.57138,305.71036,1.0
emad
212.70918,311.96252,207.24767,1081.0977,490.37692,319.46704,300.96698,1.0
emad
212.08249,311.96246,207.26442,1080.5121,490.40533,325.9317,293.40292,1.0
emad
214.22552,311.9439,207.2434,1082.6378,490.36377,332.5314,290.12354,1.0
emad
214.26056,311.95493,207.2632,1082.6887,490.39954,329.26117,289.643,1.0
emad
214.10046,311.8911,207.25468,1082.481,490.3562,324.78958,289.46155,1.0
emad
214.53894,311.9464,207.26572,1082.9513,490.39798,325.0736,289.0303,1.0
emad
215.32266,311.91913,207.25809,1083.7153,490.37885,325.72882,289.34967,1.0
emad
214.44817,311.94983,207.26797,1082.8943,490.40384,325.93594,289.11584,1.0
emad
213.6258,311.96155,207.27023,1082.0862,490.4148,323.62888,289.49933,1.0
emad
213.57474,311.91684,207.26851,1082.0118,490.38867,322.6932,289.03738,1.0
emad
213.71281,311.9372,207.24406,1082.1038,490.35974,323.41605,288.85727,1.0
emad
213.52588,311.9519,207.26306,1081.9683,490.3985,322.9502,290.94437,1.0
emad
215.14125,311.92877,207.26247,1083.5265,490.3863,329.41522,288.93182,1.0
emad
213.66649,311.93112,207.26816,1082.1008,490.39496,324.82016,291.307,1.0
emad
213.2201,311.95578,207.26978,1081.6611,490.41058,322.52002,293.71103,1.0
emad
213.9454,311.944,207.27264,1082.372,490.41278,325.31842,290.05283,1.0
emad
214.52237,311.9501,207.2682,1082.9701,490.40637,323.83127,287.0245,1.0
emad
215.31714,311.9596,207.25685,1083.7292,490.39142,320.99887,286.5982,1.0
emad
216.5021,311.95868,207.24895,1084.923,490.3777,329.0674,287.59116,1.0
emad
214.61336,311.95956,207.24016,1083.0094,490.36334,325.31122,288.16678,1.0
emad
215.78368,311.96182,207.2589,1084.2008,490.39612,327.75827,287.65417,1.0
emad
216.05373,311.96457,207.25229,1084.4728,490.386,329.3531,288.07318,1.0
emad
215.6378,311.965,207.25739,1084.0719,490.39465,314.82404,289.19757,1.0
emad
213.8969,311.9609,207.26837,1082.3525,490.41205,321.9531,288.15353,1.0
emad
214.40303,311.9646,207.2477,1082.8009,490.37814,326.1746,289.04352,1.0
emad
214.41183,311.95108,207.24199,1082.8124,490.36237,323.00116,289.87994,1.0
emad
216.75366,311.95502,207.24554,1085.1096,490.371,325.14352,286.87817,1.0
emad
215.40698,311.95728,207.26527,1083.8341,490.4038,326.74493,289.2004,1.0
emad
215.43895,311.96317,207.26979,1083.9003,490.4149,324.09424,294.162,1.0
emad
214.97408,311.96515,207.27193,1083.4294,490.41937,320.36768,297.37723,1.0
emad
215.55707,311.93152,207.24017,1083.96,490.3559,312.15326,299.2628,1.0
emad
214.92671,311.95465,207.24922,1083.3302,490.37485,310.5095,299.2859,1.0
emad
212.35652,311.95844,207.26428,1080.7804,490.40375,309.28284,300.13226,1.0
emad
213.09361,311.94522,207.26901,1081.552,490.40826,315.80515,300.17807,1.0
emad
215.1567,311.95764,207.2499,1083.5317,490.37836,316.44904,303.47214,1.0
emad
214.43842,311.96152,207.26714,1082.8672,490.40976,314.2935,301.0517,1.0
emad
214.60652,311.9107,207.2698,1083.0586,490.39844,318.01086,300.13776,1.0
emad
214.53487,311.94885,207.27202,1083.0033,490.41083,319.32693,297.3206,1.0
emad
214.33755,311.90393,207.27191,1082.7997,490.3891,322.03494,291.27777,1.0
emad
215.5469,311.94394,207.26529,1083.996,490.3974,324.92166,289.33612,1.0
emad
215.64055,311.9578,207.2692,1084.0894,490.41043,325.23123,289.88974,1.0
emad
213.56795,311.96484,207.27292,1082.0409,490.42078,330.4989,290.60388,1.0
emad
213.77605,311.9565,207.27121,1082.2505,490.4158,329.78146,288.67914,1.0
emad
216.03317,311.95108,207.20743,1084.3499,490.30255,332.84402,288.88776,1.0
emad
218.04247,311.9536,207.24052,1086.4312,490.36127,328.2557,292.78363,1.0
emad
216.8915,311.95407,207.24518,1085.3043,490.3695,327.0438,292.8704,1.0
emad
216.88664,311.962,207.25946,1085.3295,490.3968,328.11035,295.60782,1.0
emad
215.8092,311.8826,207.26848,1084.2695,490.38748,324.5176,299.30035,1.0
emad
214.69765,311.86536,207.26776,1083.1372,490.37457,315.5122,294.83636,1.0
emad
213.88516,311.93854,207.26869,1082.3276,490.3982,311.59863,284.95276,1.0
emad
214.44614,311.9616,207.27274,1082.9192,490.4192,297.24213,280.94888,1.0
emad
213.62253,311.96204,207.27234,1082.096,490.41858,300.37024,284.2855,1.0
emad
214.76021,311.96616,207.27423,1083.2334,490.42395,306.6257,282.1976,1.0
emad
212.83025,311.9639,207.2721,1081.2979,490.41986,310.91846,283.75583,1.0
emad
216.91362,311.9363,207.2586,1085.3574,490.3838,309.0122,282.98434,1.0
emad
215.25882,311.95682,207.26674,1083.7118,490.4063,291.60117,280.17902,1.0
emad
214.8979,311.9527,207.23721,1083.2935,490.3562,314.9711,284.32825,1.0
emad
216.18118,311.94885,207.23508,1084.561,490.35144,310.40213,292.66354,1.0
emad
216.64832,311.9598,207.25885,1084.9868,490.3949,317.7398,287.11255,1.0
emad
216.35674,311.90332,207.25146,1084.73,490.36438,323.2418,285.41248,1.0
emad
215.80475,311.90295,207.23137,1084.156,490.3207,324.79477,286.5248,1.0
emad
213.57338,311.873,207.20619,1081.7883,490.26703,324.4794,287.54993,1.0
emad
214.03717,311.82855,207.24847,1082.38,490.32837,325.8534,288.60892,1.0
emad
213.75778,311.90082,207.2558,1082.0977,490.3556,323.64734,292.9467,1.0
emad
212.08647,311.94965,207.26529,1080.4838,490.39917,310.88464,297.38324,1.0
emad
215.19989,311.93298,207.25623,1083.3441,490.37897,302.52036,302.5188,1.0
emad
213.87224,311.9076,207.25076,1081.9176,490.36365,306.43753,302.49875,1.0
emad
213.33748,311.92557,207.22894,1081.1829,490.33105,308.20648,304.8767,1.0
emad
213.85098,311.94226,207.25302,1082.0786,490.3755,301.42847,304.5739,1.0
emad
213.04877,311.94888,207.2422,1081.36,490.36267,294.6174,302.78305,1.0
emad
214.46414,311.95575,207.25053,1082.8584,490.37897,296.55664,301.09393,1.0
emad
216.13744,311.92093,207.25363,1084.4932,490.37408,306.679,295.07117,1.0
emad
214.32887,311.8925,207.25768,1082.6345,490.35962,306.39825,288.76666,1.0
emad
213.9982,311.90085,207.26662,1082.3552,490.38605,306.27625,287.35782,1.0
emad
213.64644,311.85773,207.24077,1081.9661,490.3234,300.41656,287.77383,1.0
emad
212.60718,311.93045,207.21983,1080.7646,490.31262,300.84897,286.4938,1.0
emad
213.30202,311.9272,207.25589,1081.4016,490.3777,299.65717,285.9989,1.0
emad
216.23247,311.91302,207.24849,1084.5259,490.3553,301.9651,289.693,1.0
emad
217.10052,311.9053,207.26263,1085.3342,490.3733,300.35794,286.1278,1.0
emad
216.40846,311.9334,207.26909,1084.7793,490.39746,291.40567,287.01862,1.0
emad
216.93018,311.94543,207.2531,1085.231,490.37802,285.9749,288.97992,1.0
emad
216.31734,311.95206,207.26183,1084.6705,490.39624,288.0225,290.1546,1.0
emad
218.28369,311.9142,207.25534,1086.6533,490.36646,290.3963,288.64355,1.0
emad
218.9555,311.8311,207.23898,1087.2593,490.29553,307.9759,289.05975,1.0
emad
219.66444,311.92755,207.26251,1088.0459,490.38153,314.4329,287.4544,1.0
emad
220.13412,311.94125,207.26782,1088.4075,490.40216,320.78162,286.4959,1.0
emad
219.83138,311.93726,207.21991,1088.0135,490.32162,317.17572,289.6733,1.0
emad
215.59152,311.7595,207.22778,1083.8418,490.2663,321.60126,288.70944,1.0
emad
215.6127,311.8548,207.2276,1083.8962,490.2885,329.54462,287.4172,1.0
emad
215.50815,311.93167,207.25563,1083.8964,490.37344,324.57324,288.00317,1.0
emad
215.50175,311.9441,207.2642,1083.815,490.39636,327.07333,287.17438,1.0
emad
213.63068,311.94992,207.26869,1082.0378,490.40692,323.16666,286.25534,1.0
emad
214.54527,311.9582,207.27133,1082.9784,490.41547,325.48157,286.6667,1.0
emad
214.92232,311.8594,207.24658,1083.291,490.344,328.22345,289.003,1.0
emad
217.157,311.87463,207.25214,1085.5635,490.3482,333.49374,288.64642,1.0
emad
213.9556,311.81458,207.20946,1082.2113,490.2599,320.48993,295.50723,1.0
emad
215.88344,311.86203,207.20186,1083.9834,490.24292,326.0587,300.84158,1.0
emad
216.93144,311.81497,207.17108,1084.8892,490.19055,319.8296,304.6973,1.0
emad
215.55444,311.84824,207.2246,1083.7915,490.2874,301.77612,307.31998,1.0
emad
215.61362,311.93427,207.26169,1083.9656,490.38416,295.1808,308.1113,1.0
emad
218.19847,311.91833,207.26918,1086.5768,490.39526,306.00836,310.7023,1.0
emad
216.02553,311.80997,207.26152,1084.3757,490.3386,310.60446,307.42358,1.0
emad
217.86993,311.7786,207.26387,1085.8907,490.32843,315.27667,303.28864,1.0
emad
218.74,311.83856,207.26633,1086.9531,490.35162,314.8616,301.3489,1.0
emad
217.94682,311.90143,207.2612,1086.1989,490.3667,322.23343,294.0376,1.0
emad
217.70804,311.89166,207.26205,1086.1018,490.3738,330.29727,291.13208,1.0
emad
216.94638,311.9337,207.27061,1085.4,490.40088,331.088,291.57935,1.0
emad
214.39864,311.92853,207.22983,1082.7695,490.33472,328.68393,292.81586,1.0
emad
215.43443,311.92853,207.25371,1083.6514,490.3678,329.90076,288.8782,1.0
emad
216.06413,311.95178,207.26646,1084.1781,490.40363,329.91644,288.2775,1.0
emad
217.10182,311.8075,207.26408,1084.7755,490.35486,326.30228,287.8238,1.0
emad
217.60031,311.84116,207.23647,1085.4424,490.30624,326.04962,290.69305,1.0
emad
216.85526,311.88696,207.15085,1084.8785,490.1797,324.26895,291.58542,1.0
emad
217.12715,311.858,207.22566,1085.2329,490.28717,316.2111,288.18692,1.0
emad
215.73526,311.9317,207.20901,1083.5957,490.29364,307.46768,288.79062,1.0
emad
216.17236,311.93097,207.24586,1084.3679,490.3629,316.09982,284.41718,1.0
emad
214.4565,311.95337,207.26271,1082.805,490.3974,319.61526,286.1967,1.0
emad
212.53235,311.93307,207.26488,1080.8691,490.39713,314.88043,287.79004,1.0
emad
212.7475,311.90454,207.26045,1081.1238,490.3693,315.16364,288.2349,1.0
emad
214.00117,311.88962,207.26492,1082.3936,490.37982,313.33377,291.91553,1.0
emad
213.10495,311.9244,207.26192,1081.3229,490.38354,306.8406,296.27655,1.0
emad
214.02443,311.90857,207.25858,1082.1969,490.3754,308.05798,297.97775,1.0
emad
211.54869,311.94727,207.25368,1079.7906,490.37927,301.89035,296.59323,1.0
emad
213.25523,311.95035,207.2515,1081.5636,490.37952,298.0941,295.94263,1.0
emad
212.74095,311.95038,207.18385,1080.9669,490.26193,298.2734,291.6246,1.0
emad
216.30554,311.91992,207.21414,1084.4343,490.30118,308.7198,289.4173,1.0
emad
215.51918,311.89545,207.23967,1083.6337,490.33795,308.13773,288.45273,1.0
emad
214.16684,311.91367,207.20308,1082.0625,490.27463,311.02246,288.88333,1.0
emad
214.87819,311.853,207.23653,1083.0419,490.32196,304.16916,287.2381,1.0
emad
217.21394,311.86136,207.21529,1085.4546,490.28204,297.7741,287.56082,1.0
emad
217.17961,311.85297,207.22002,1085.449,490.28854,296.7161,291.32816,1.0
emad
217.4077,311.76498,207.257,1085.7988,490.3252,290.40967,294.69333,1.0
emad
216.71033,311.77823,207.22113,1084.8904,490.24634,288.6277,298.4689,1.0
emad
216.38576,311.7507,207.24126,1084.5698,490.26767,286.1082,300.7941,1.0
emad
217.56711,311.84433,207.24472,1085.8446,490.31482,284.97144,295.6961,1.0
emad
217.60646,311.89255,207.26506,1085.8103,490.37674,292.7134,290.8019,1.0
emad
217.92474,311.81378,207.2602,1086.2781,490.3431,293.50607,290.19443,1.0
emad
219.06956,311.86063,207.21558,1087.4072,490.27856,293.73175,288.21872,1.0
emad
220.0356,311.91238,207.25555,1088.4073,490.3672,294.71802,285.91687,1.0
emad
219.88754,311.9448,207.26562,1088.3126,490.39758,294.36655,288.58163,1.0
emad
218.18236,311.95728,207.27058,1086.5693,490.4124,293.56796,288.31638,1.0
emad
218.61559,311.95804,207.26743,1087.0143,490.40833,294.34976,289.08575,1.0
emad
216.27971,311.9566,207.26636,1084.7277,490.40466,295.7668,288.73544,1.0
emad
216.3141,311.86124,207.27174,1084.7758,490.38202,292.22763,291.2169,1.0
emad
217.87231,311.92795,207.22566,1086.2505,490.32147,288.52512,289.86545,1.0
emad
218.00423,311.87036,207.2455,1086.399,490.31976,288.7226,295.36722,1.0
emad
217.74292,311.92453,207.26328,1086.1838,490.38116,281.08588,298.95206,1.0
emad
218.19965,311.94012,207.26231,1086.6437,490.39264,296.33664,300.1643,1.0
emad
216.80397,311.9077,207.25468,1085.2266,490.35928,287.0417,293.71878,1.0
emad
217.99666,311.8707,207.26746,1086.4194,490.3685,281.6929,286.13495,1.0
emad
218.04364,311.94205,207.26233,1086.4902,490.38965,276.59882,281.30405,1.0
