1
270.83618,317.1344,195.71382,1110.6498,470.515,250.26636,245.12122,0.7
1
266.14517,321.96548,190.39224,1116.8304,464.65622,293.54236,243.42397,0.7
1
269.3708,332.0644,197.09908,1136.0906,478.708,281.41714,261.78604,0.7
1
275.54813,335.06952,197.07765,1140.8463,481.57928,284.31973,288.74002,0.7
1
278.846,330.60825,195.5773,1148.7947,477.39578,279.8244,255.68689,0.7
1
280.21423,328.43155,198.60037,1138.6604,481.53787,258.54962,225.9623,0.7
1
278.92407,331.04947,203.38495,1147.8507,491.64355,252.15425,180.50719,0.7
1
275.03357,332.7118,203.59503,1144.2314,490.59363,257.5101,182.22414,0.7
1
272.38287,331.2463,205.61398,1146.48,494.11816,257.1074,194.93419,0.7
1
271.3019,330.7779,205.40895,1137.0721,494.34186,274.81512,299.66302,0.7
1
273.29117,331.5673,205.67288,1140.5378,495.29025,278.71646,326.34787,0.7
1
264.14066,330.72867,207.43008,1147.4398,496.19092,291.45813,245.40324,0.7
1
261.40634,333.6562,205.38278,1147.0444,494.34387,282.785,249.95648,0.7
1
252.75601,331.78177,200.43802,1138.0432,487.13425,271.3867,246.05467,0.7
1
255.34804,327.84528,201.3564,1119.4326,489.6559,259.90826,305.52438,0.7
1
270.36575,321.75873,205.06432,1127.2153,497.1147,265.3976,316.3328,0.7
1
271.12317,318.14316,196.25627,1113.9022,473.06213,252.0519,300.33572,0.7
1
263.6881,316.11533,192.54097,1109.3687,465.4016,302.62357,323.51578,0.7
1
268.98688,320.07742,201.83357,1137.1104,485.30154,299.24332,260.46332,0.7
1
269.18622,334.49643,201.46724,1136.547,488.0777,295.79614,216.67313,0.7
1
271.72086,321.62045,203.98746,1140.9008,486.78735,313.4301,176.9014,0.7
1
268.32162,318.8013,201.13562,1137.3724,479.3092,254.05865,237.44983,0.7
1
265.10352,318.1925,200.79659,1130.5902,479.4112,239.02408,321.46658,0.7
1
261.0714,317.88895,201.712,1126.534,483.2121,253.35414,277.5518,0.7
1
257.6875,314.7142,203.47021,1129.099,484.05414,258.44443,190.96252,0.7
1
260.2489,321.31796,200.53796,1123.9525,481.75613,256.8927,340.03528,0.7
1
260.5897,323.06363,199.18547,1125.2981,480.85837,258.5578,294.55795,0.7
1
274.6114,336.3778,193.49834,1127.5387,475.84686,257.1661,312.32953,0.7
1
272.23822,330.07358,195.65186,1126.8765,477.57074,261.62732,268.93683,0.7
1
270.93204,327.3835,195.92822,1119.2457,477.81512,264.62744,287.42108,0.7
1
269.5815,326.6772,197.31073,1117.9897,480.74112,264.78058,276.0507,0.7
1
269.44952,317.18842,196.94339,1120.019,477.32263,269.645,250.84639,0.7
1
271.0931,320.8058,196.21791,1124.519,477.93597,270.42804,253.74118,0.7
1
273.4224,317.47897,196.66515,1129.1543,478.46326,267.70096,270.74945,0.7
1
274.45377,314.40015,195.80762,1130.7078,475.15482,278.10367,309.15195,0.7
1
272.39377,314.04797,195.17078,1130.3607,472.5807,275.19302,273.86844,0.7
1
269.40134,315.2178,199.15262,1136.1173,478.49597,272.48203,256.31494,0.7
1
264.0263,325.83215,199.33243,1130.9495,481.56213,272.34015,210.12387,0.7
1
269.739,316.3953,198.51324,1127.4546,475.6029,284.84998,199.69785,0.7
1
266.4534,325.22174,197.2739,1134.7603,478.86588,270.7009,278.75156,0.7
1
262.43802,322.88107,196.26341,1119.5177,477.1406,256.26126,215.43814,0.7
1
263.1933,321.90668,197.31364,1126.4629,478.51614,260.32953,175.85709,0.7
1
254.7289,323.5982,201.31915,1139.8118,482.49017,263.15463,245.66211,0.7
1
254.38387,313.99277,203.57922,1132.5483,482.95715,268.6484,278.4358,0.7
1
261.3693,322.67276,203.3303,1124.4133,483.5174,284.10574,282.82156,0.7
1
272.0326,333.57004,195.89458,1129.7781,476.53888,289.01123,258.5879,0.7
1
269.71973,334.35358,197.52126,1124.8258,477.4242,287.75272,255.7598,0.7
1
267.07767,336.4568,195.74059,1120.7043,475.43262,289.95364,230.85585,0.7
1
271.36798,333.13977,196.52356,1123.8914,476.89264,293.79974,239.76186,0.7
1
272.469,328.03796,197.73845,1125.8208,477.97064,288.80063,237.35681,0.7
1
266.76654,317.31302,202.9823,1125.4011,480.9536,293.1572,255.41801,0.7
1
272.9208,317.69653,198.72418,1123.4255,480.05194,307.68814,237.24385,0.7
1
266.1376,314.90018,197.659,1117.3706,477.0043,318.5395,225.3589,0.7
1
268.25214,318.16455,202.2292,1115.396,488.87134,317.29898,207.77658,0.7
1
277.7766,319.86868,196.1469,1129.8335,475.58362,293.91907,214.72481,0.7
1
270.28784,317.8134,197.38867,1118.3606,477.02704,307.5875,218.03833,0.7
1
269.3072,321.40384,197.7752,1119.2522,482.0619,306.97104,183.76372,0.7
1
270.5139,322.8071,194.53305,1109.2396,476.0283,312.43805,243.76709,0.7
1
270.09106,323.58258,189.92595,1106.9281,471.99457,314.01318,212.73491,0.7
1
266.73917,318.96405,197.23395,1120.0768,480.05273,296.63092,226.99164,0.7
1
268.2627,314.92163,190.66913,1112.8687,464.51428,302.24207,260.7087,0.7
1
265.3517,313.73663,194.01624,1121.6631,467.40283,283.02682,312.62488,0.7
1
267.0051,316.7658,194.30925,1122.3391,472.37564,280.29648,229.01157,0.7
1
264.53708,316.16083,195.60457,1122.444,474.8662,276.47986,290.88925,0.7
1
267.81277,317.45648,193.65007,1127.0435,471.37976,274.13498,235.02753,0.7
1
267.60248,315.6771,192.96028,1123.0878,470.05902,279.057,209.56506,0.7
1
267.6765,315.6438,194.60109,1130.455,472.2206,295.56427,296.62042,0.7
1
265.9274,316.13266,195.61946,1126.4397,474.5877,291.3871,288.94125,0.7
1
267.4128,316.7228,191.25156,1135.8553,463.2976,263.01147,197.83841,0.7
1
260.4614,326.0162,200.97325,1141.4119,479.44812,288.16263,179.75987,0.7
1
260.27563,319.5344,200.89267,1143.5801,476.8152,299.5485,187.39983,0.7
1
262.9568,315.21176,201.8955,1147.3953,481.26318,279.90247,225.9369,0.7
1
274.6625,314.08783,203.41478,1120.7653,493.4647,251.66345,331.35712,0.7
1
274.8635,322.02087,206.6901,1140.647,496.41986,294.48688,312.6654,1.0
1
241.55841,326.65903,221.0866,1153.3538,521.17554,272.62015,294.1677,1.0
1
227.81528,330.14807,232.69667,1165.0817,541.9122,322.82574,308.55276,1.0
1
225.75977,330.64966,234.20984,1166.4169,544.65564,311.545,317.93103,1.0
1
225.79002,330.7552,234.3928,1166.8794,544.99365,309.74463,314.63336,1.0
1
224.504,330.87772,234.4209,1165.6366,545.0969,314.54645,305.05334,1.0
1
226.01123,330.8017,234.3835,1167.0446,545.00836,331.39084,304.20627,1.0
1
226.87857,330.51755,234.34697,1167.342,544.8528,323.67688,306.2908,1.0
1
224.02765,330.78113,234.42358,1164.8744,545.0574,236.40262,290.61935,1.0
1
225.44058,330.4518,234.43848,1166.5812,544.9683,247.54857,292.76782,1.0
1
228.58435,330.02768,234.3351,1169.321,544.619,327.62912,307.55115,1.0
1
225.85805,330.61884,234.40854,1166.8147,544.93176,269.874,305.70874,1.0
1
226.41707,330.86493,234.42836,1167.5126,545.11017,236.91597,290.53824,1.0
1
226.96811,329.47986,234.39857,1167.9644,544.5944,331.73932,317.19092,1.0
1
225.99826,330.7382,234.38727,1166.955,544.9718,336.85965,337.0918,1.0
1
225.81514,330.88974,234.42592,1166.9221,545.11304,322.48157,336.8755,1.0
1
225.98792,330.85574,234.42548,1167.0972,545.0951,307.68353,331.15427,1.0
1
225.26326,330.84,234.41962,1166.3096,545.08167,295.68695,327.44168,1.0
1
225.34099,330.60428,234.31418,1166.0963,544.83105,285.27753,325.89474,1.0
1
225.49812,329.9757,234.3706,1166.2454,544.6394,325.64172,338.9363,1.0
1
230.32436,329.77176,234.39015,1171.3096,544.57166,234.16356,290.135,1.0
1
228.19568,330.4648,234.4207,1169.1174,544.9145,338.15564,325.70947,1.0
1
227.70436,330.74356,234.42166,1168.3938,545.03125,312.71332,328.41266,1.0
1
228.82005,330.80182,234.39584,1169.8566,545.01544,308.39267,328.74393,1.0
1
224.84157,330.8414,234.40166,1165.9045,545.05426,302.07916,326.18018,1.0
1
225.6301,330.8119,234.42549,1166.4353,545.08844,339.8289,332.2481,1.0
1
224.55356,330.28088,234.41994,1165.5841,544.81177,251.65779,294.99576,1.0
1
224.50182,329.25702,234.35742,1165.2526,544.1692,338.99167,232.3143,1.0
1
225.11356,330.37265,234.39601,1166.1632,544.79474,318.265,293.58307,1.0
1
226.17906,329.5166,234.05579,1165.6912,544.0244,327.85175,307.0499,1.0
1
229.51532,330.50607,234.29314,1170.0518,544.7278,318.715,308.7944,1.0
1
226.78403,330.83426,234.41927,1167.8838,545.0775,336.18933,306.13705,1.0
1
227.8413,330.6056,234.41893,1168.2437,545.0043,290.00406,298.91898,1.0
1
227.63713,328.8704,234.36803,1168.4169,544.25775,299.0475,299.27332,1.0
1
229.51315,330.05423,234.32953,1170.1387,544.52246,310.68274,305.5251,1.0
1
228.9213,330.15805,234.4216,1170.0101,544.8535,334.6667,336.85843,1.0
1
228.93791,329.97836,234.43393,1170.0216,544.76794,332.15903,334.38202,1.0
1
228.20198,329.1369,234.38853,1169.2051,544.3854,315.56277,324.42126,1.0
1
226.997,330.15952,234.42212,1167.9268,544.6985,273.2542,297.32825,1.0
1
225.73088,330.76984,234.39267,1166.6305,544.9966,292.37006,301.22803,1.0
1
226.25899,330.37915,234.37996,1167.2524,544.8458,307.63196,315.4176,1.0
1
225.2988,330.8312,234.41602,1166.3125,545.06274,247.69629,283.8838,1.0
1
227.28606,330.46228,234.42535,1168.1873,544.9858,315.65192,310.1064,1.0
1
228.01245,330.04327,234.43155,1168.9143,544.81396,336.3093,322.34668,1.0
1
227.66539,330.22516,234.13216,1167.6965,544.6948,318.10516,327.5889,1.0
1
228.18921,330.7859,234.35417,1169.1191,544.99896,303.24084,328.32382,1.0
1
228.90625,330.88174,234.41382,1170.036,545.0979,308.71912,328.97922,1.0
1
228.99295,330.78406,234.4074,1169.8752,545.0471,316.01114,324.44614,1.0
1
228.32724,330.59717,234.18355,1168.9624,544.5352,306.05124,323.32056,1.0
1
236.03804,330.23352,234.13304,1176.1007,544.42267,245.8665,260.4051,1.0
1
226.44836,330.78918,234.35764,1167.1685,544.9422,332.74887,337.56488,1.0
1
226.90912,330.7171,234.32388,1167.769,544.869,321.76746,337.7872,1.0
1
226.84166,330.38428,234.4239,1167.9641,544.83606,320.576,331.5011,1.0
1
228.32565,330.83945,234.39764,1169.3977,545.0368,343.63596,333.6161,1.0
1
226.62985,330.89124,234.4341,1167.7667,545.1269,338.3551,328.25842,1.0
1
228.76665,330.9109,234.41466,1169.8455,545.105,292.78867,304.60925,1.0
2
267.2279,327.57394,206.75432,1104.0817,497.33478,293.91275,273.96426,0.7
2
255.75523,325.0212,205.95464,1096.8708,502.11798,300.63626,291.63257,0.7
2
265.28387,324.20648,200.13931,1090.1165,490.25143,272.10852,281.57843,0.7
2
266.03363,334.298,202.808,1115.2924,486.786,298.9692,296.99066,0.7
2
266.39685,330.9208,209.58347,1125.2451,504.13916,294.30682,277.86453,0.7
2
259.2742,317.15942,211.80174,1129.3676,502.8441,269.11447,327.21802,0.7
2
266.85666,327.62338,206.24355,1115.1895,498.5633,273.76474,289.65143,0.7
2
258.58096,325.0781,206.40111,1117.3668,500.73645,262.6098,299.22617,0.7
2
258.8949,329.03427,203.94612,1111.7063,498.42288,269.27042,294.54358,0.7
2
259.49423,327.50528,211.05392,1114.0342,505.9483,283.89844,308.7568,0.7
2
259.8466,321.31027,212.55197,1115.7963,506.24988,300.5153,296.64453,0.7
2
262.31204,320.49356,211.38188,1125.6698,504.01093,302.90164,279.79144,0.7
2
260.56662,324.4176,208.2219,1117.3901,499.92056,293.34784,281.74258,0.7
2
268.5615,329.38617,207.80553,1125.7386,499.55112,302.4386,269.40973,0.7
2
267.97375,327.26343,213.04625,1127.3063,509.48175,295.65845,304.81207,0.7
2
259.10663,319.45456,201.71504,1089.2891,485.8379,287.4043,317.33813,0.7
2
257.07043,319.30444,210.13531,1128.7258,496.38046,284.9604,264.04434,0.7
2
254.80725,320.65637,209.66273,1120.6836,507.221,296.99835,252.68651,0.7
2
244.09213,319.99048,211.956,1098.4734,506.3955,303.28012,264.07724,0.7
2
260.22214,317.13123,204.6983,1109.4766,489.45157,314.6745,259.50674,0.7
2
220.78027,332.51855,235.52187,1166.2556,547.7123,256.42117,301.00082,1.0
2
219.49669,332.454,235.59721,1164.3439,547.81396,256.67484,292.34274,1.0
2
226.27863,332.4135,235.4023,1171.2202,547.4569,296.41223,298.90924,1.0
2
222.27101,332.45715,235.51591,1166.481,547.67395,321.65723,285.57388,1.0
2
223.56485,332.32678,235.59998,1168.7207,547.71655,283.46765,301.9235,1.0
2
222.12086,332.46707,235.55362,1167.4559,547.739,314.07303,311.84558,1.0
2
222.216,332.41525,235.56242,1167.6118,547.70605,319.8884,306.49982,1.0
2
222.46788,332.39133,235.52948,1167.2062,547.67255,270.40927,294.08316,1.0
2
223.8775,332.45734,235.60492,1168.7975,547.78186,277.69086,296.82788,1.0
2
221.99164,332.357,235.50462,1165.5214,547.6741,285.03873,302.32578,1.0
2
222.91006,332.3336,235.53897,1165.9938,547.1636,296.11188,292.60876,1.0
2
226.04903,332.52924,235.60167,1171.719,547.83777,329.83185,314.74567,1.0
2
225.43,332.4891,235.57996,1171.2518,547.77563,321.18167,316.27994,1.0
2
226.21602,332.54736,235.5627,1171.7035,547.78064,310.06668,316.238,1.0
2
223.79356,332.11597,235.60367,1169.6923,547.70435,323.38998,314.71045,1.0
2
222.95767,332.4969,235.61473,1168.8845,547.84564,303.31912,315.33655,1.0
2
226.35861,332.4776,235.6201,1172.1418,547.85913,295.49173,315.74588,1.0
2
224.3842,332.25266,235.6258,1170.1335,547.774,294.38516,322.5148,1.0
2
224.93689,332.47095,235.61154,1170.1941,547.82495,305.0573,329.95328,1.0
2
224.11855,332.56723,235.62103,1169.5188,547.8852,300.19666,338.61493,1.0
2
224.79526,332.58633,235.62372,1169.4886,547.9021,302.05655,323.12936,1.0
2
224.20494,332.46967,235.62042,1169.6569,547.8634,315.1237,325.4162,1.0
2
225.99364,331.98276,235.62614,1171.363,547.6758,341.90912,326.1788,1.0
2
223.28241,332.32236,235.60693,1168.8418,547.7311,309.71814,325.09842,1.0
2
225.10834,332.36014,235.51082,1170.6329,547.6326,334.71393,330.95917,1.0
2
224.09943,332.30536,235.56953,1169.4697,547.6821,330.31418,334.94238,1.0
2
223.66954,332.45172,235.60985,1169.0974,547.81024,308.85532,339.40662,1.0
2
222.04935,332.12766,235.60112,1167.72,547.6981,315.20312,338.76505,1.0
2
222.39268,332.40842,235.5456,1168.1655,547.683,316.8707,338.8431,1.0
2
221.48346,332.38925,235.58702,1167.3087,547.75684,304.30768,338.2551,1.0
2
223.29897,332.04617,235.5386,1169.0415,547.56744,307.4015,338.52713,1.0
2
223.7081,332.1718,235.60597,1169.3267,548.01385,299.9392,338.6194,1.0
2
225.29233,332.41653,235.56558,1171.0328,547.97424,303.13666,333.77563,1.0
2
224.70543,332.38736,235.5397,1170.2572,548.3109,293.5847,329.50525,1.0
2
226.44586,332.41446,235.53256,1172.1538,547.75854,288.92944,330.19043,1.0
2
226.43468,332.56055,235.58064,1171.9705,547.827,284.03104,327.97354,1.0
2
225.46994,332.49713,235.61566,1171.0862,547.8449,295.1383,329.86072,1.0
2
224.7044,332.4462,235.57227,1170.1753,547.7654,324.78256,323.343,1.0
2
224.81598,332.49448,235.5526,1170.6017,547.74915,255.92795,306.92484,1.0
2
223.48541,332.05396,235.51428,1168.9702,547.5587,326.5794,318.77698,1.0
2
222.95253,332.481,235.4886,1164.7258,547.63513,334.63263,324.1831,1.0
2
224.56812,332.50397,235.55962,1169.2515,547.75336,323.36917,323.55286,1.0
2
224.20142,332.4327,235.57834,1169.7966,547.7716,327.95425,349.1307,1.0
2
226.04124,332.54303,235.58727,1171.8394,547.82166,302.0571,342.0613,1.0
2
225.57642,332.54324,235.53847,1171.1991,547.7408,297.49362,334.5299,1.0
2
224.79828,332.40277,235.58194,1170.5537,547.752,278.7335,329.41382,1.0
2
222.51952,332.45163,235.62695,1168.4346,547.85376,268.69452,320.32504,1.0
2
221.84717,332.43533,235.5155,1166.5924,547.65607,263.74103,310.46515,1.0
2
228.93611,332.3994,235.44165,1172.9243,547.50586,321.53976,241.86618,1.0
2
227.11668,331.98584,235.60239,1170.5585,545.714,336.3358,323.60406,1.0
2
226.58046,332.46664,235.54515,1171.4135,547.46704,330.51785,331.38367,1.0
2
227.15804,332.5531,235.61012,1172.6621,547.83374,300.32468,328.81537,1.0
2
226.03894,332.52222,235.6272,1171.7778,547.8683,295.32983,336.66873,1.0
2
224.24431,332.54095,235.60464,1170.034,547.8429,287.85263,335.1968,1.0
2
221.68768,332.49948,235.56685,1167.4724,547.7637,298.79184,327.2333,1.0
2
221.53362,332.403,235.60168,1167.2788,547.8076,305.64676,327.56287,1.0
2
223.8605,332.23398,235.62364,1169.5352,547.66284,321.58374,337.2033,1.0
2
225.34749,332.38953,235.62665,1171.2069,547.8005,311.2947,337.1042,1.0
2
224.75772,332.55057,235.57251,1170.6265,547.7954,301.9828,337.1727,1.0
2
223.90646,332.52747,235.61604,1169.7523,547.8668,298.62912,336.51022,1.0
2
224.91516,332.37445,235.6322,1170.8131,547.846,305.40973,336.855,1.0
2
224.56479,332.26828,235.62819,1170.425,547.7731,288.4172,336.49075,1.0
2
224.66902,332.35123,235.58725,1169.8882,547.74084,297.54944,336.5251,1.0
2
225.65088,332.44522,235.58998,1169.7896,547.77527,293.22656,336.6496,1.0
2
226.4364,332.49704,235.59865,1171.7275,547.8153,286.27008,336.8467,1.0
2
226.47026,332.47647,235.56532,1172.2478,547.76733,291.00366,330.30627,1.0
2
224.91617,332.16992,235.59189,1172.321,547.4702,302.93155,336.1428,1.0
2
225.42468,332.53207,235.6021,1160.9834,548.0597,327.81738,337.24692,1.0
2
224.1108,332.51276,235.62326,1167.7335,547.89795,333.60803,331.43665,1.0
2
224.11626,332.54263,235.52916,1169.3939,547.7294,325.32187,335.08743,1.0
2
225.17836,332.58386,235.60043,1170.5254,547.86505,301.60385,340.3267,1.0
2
224.0847,332.49924,235.5674,1169.7961,547.77905,295.89072,339.00308,1.0
2
222.47772,332.39764,235.52678,1168.0195,547.94617,275.1758,338.7155,1.0
2
225.21687,332.5376,235.4501,1170.1602,548.861,294.8487,338.5755,1.0
2
224.18365,332.55017,235.61238,1169.8132,548.6046,286.2098,338.63916,1.0
2
224.63924,332.55588,235.61746,1170.5776,547.9695,293.62164,335.8624,1.0
2
228.26895,331.91238,235.59496,1174.1177,547.7145,305.80557,332.18057,1.0
2
227.17612,332.34982,235.57516,1172.8567,547.9441,288.471,326.5189,1.0
2
224.2259,332.38895,235.60031,1169.7814,547.7953,266.15048,314.61478,1.0
2
225.84868,332.3431,235.56003,1170.8745,547.5043,299.836,305.51758,1.0
2
223.84695,332.42828,235.53648,1169.4956,547.6553,322.88187,301.29016,1.0
2
223.30751,332.5139,235.6007,1168.8195,547.817,312.51746,306.373,1.0
2
221.17784,332.20163,235.57513,1165.4773,547.6638,306.67242,315.24265,1.0
2
223.1066,332.48163,235.59401,1167.6057,547.79553,311.43387,317.4789,1.0
2
224.84769,332.27588,235.58563,1168.4211,547.73645,317.1294,329.0917,1.0
2
221.05653,332.3992,235.57649,1165.9376,547.74426,325.7585,325.83344,1.0
2
222.10956,332.3846,235.37558,1167.992,547.5005,312.28906,326.54117,1.0
2
220.22093,332.34344,235.56552,1165.4133,547.7201,284.402,325.45447,1.0
2
216.94844,332.4898,235.607,1162.6414,547.8296,298.97653,315.41168,1.0
2
218.52867,332.52988,235.57903,1164.1371,547.7944,282.47134,323.29395,1.0
2
220.91132,332.48416,235.58685,1165.6792,548.10144,327.577,305.97668,1.0
2
220.98402,332.40045,235.50363,1166.2229,547.63354,303.28937,306.5399,1.0
2
223.54048,332.37183,235.49954,1149.8887,547.9698,255.67107,300.10776,1.0
2
224.18298,332.00546,235.51413,1166.4517,547.56555,330.07712,300.08707,1.0
2
225.2288,332.27582,235.58264,1170.5793,547.70593,307.0376,305.9024,1.0
2
223.60976,331.9604,235.5159,1168.037,547.48926,316.70425,310.51913,1.0
2
223.8855,332.31726,235.49875,1169.2009,547.5606,318.5419,314.18915,1.0
2
226.85582,332.26944,235.58426,1171.1229,547.7267,331.4437,313.588,1.0
3
269.96994,369.84952,227.07187,1216.9014,551.40576,289.2963,289.25806,0.7
3
275.43152,371.60257,229.48335,1228.1729,553.55475,316.08783,218.91153,0.7
3
269.35776,365.2667,228.51234,1216.2781,553.2249,299.122,233.64847,0.7
3
281.1001,368.76733,232.10641,1212.2727,560.42816,308.0951,314.0713,0.7
3
283.31696,363.96198,226.82599,1217.6117,552.2765,304.8882,206.47107,0.7
3
280.61557,367.53815,225.07967,1209.719,546.4963,304.36334,252.6827,0.7
3
264.78934,370.59015,224.70908,1181.2869,547.08264,297.65427,341.26465,0.7
3
264.8089,371.94998,220.67218,1188.585,538.6048,306.92,278.99506,0.7
3
263.39,368.22415,227.95,1195.5076,550.76917,314.4223,311.5518,0.7
3
265.01086,364.6866,230.23978,1213.5648,557.9116,322.7436,246.81288,0.7
3
270.5656,362.6379,231.47064,1208.01,559.5915,317.68298,232.8213,0.7
3
273.36304,364.55994,228.72374,1214.2161,553.9448,312.06735,238.27917,0.7
3
272.15433,365.8439,222.60767,1196.4625,544.70593,301.22464,284.72122,0.7
3
264.93497,370.45712,223.72273,1195.2954,547.6078,303.80017,250.96925,0.7
3
267.68665,368.79694,228.74123,1212.4513,556.73236,302.38986,310.118,0.7
3
280.90536,366.70816,229.9173,1242.0631,551.97144,295.81802,333.19815,0.7
3
282.68854,369.7148,226.4749,1232.451,550.77576,304.9499,308.11377,0.7
3
282.07666,367.26447,225.68533,1226.4236,549.2213,304.38254,331.88644,0.7
3
276.09717,366.80313,230.46674,1231.6023,556.57043,305.10345,278.48248,0.7
3
273.48264,365.03043,228.41435,1232.8777,555.5306,304.4775,320.8277,0.7
3
275.9217,367.65103,228.33319,1234.776,557.67334,298.86124,295.86053,0.7
3
279.3204,370.89313,222.09703,1235.4761,542.73834,293.07397,241.67508,0.7
3
274.10733,380.88614,220.03604,1222.3726,542.2704,312.29068,227.04778,0.7
3
266.9004,377.47018,221.58646,1226.0481,544.0972,315.81308,213.9732,0.7
3
259.5716,380.63797,223.5446,1210.7181,543.99115,323.43454,358.57675,0.7
3
264.63306,376.795,215.90033,1193.8811,531.2828,309.31085,356.4428,0.7
3
263.10513,368.70096,217.61795,1196.2881,534.3344,314.14896,211.4492,0.7
3
280.1129,365.9479,212.39757,1211.6858,524.1459,310.00995,238.02928,0.7
3
270.92715,363.36987,216.30353,1198.4546,529.1948,302.64798,253.19125,0.7
3
270.0793,366.14087,216.85138,1196.7803,531.1605,307.23975,225.21803,0.7
3
271.79486,366.006,218.22694,1199.5979,535.1189,304.93002,264.11734,0.7
3
273.2789,369.2097,219.23552,1199.0873,539.79877,303.10138,293.30417,0.7
3
270.8527,365.37643,219.43942,1197.0895,537.414,299.1692,219.41763,0.7
3
272.46677,367.74466,220.40024,1202.0032,540.0874,292.6475,293.36932,0.7
3
274.83728,364.36475,222.46709,1215.2681,541.2352,303.59406,235.84439,0.7
3
278.5725,365.11496,221.94664,1215.5879,540.11743,302.10834,264.05722,0.7
3
279.91675,364.59888,215.90717,1204.2732,528.77277,294.01398,224.85185,0.7
3
279.01062,363.18942,218.29626,1210.9133,532.0412,292.7406,231.02325,0.7
3
283.17267,368.7196,220.91347,1219.7142,540.5926,313.73416,261.99057,0.7
3
282.50397,369.4781,221.82326,1215.21,541.62805,324.24057,240.82191,0.7
3
281.47156,371.75415,221.83905,1211.1365,542.1505,320.26962,238.30922,0.7
3
281.24698,370.87738,222.37611,1210.3628,543.38635,317.14435,230.92128,0.7
3
278.99243,371.42145,220.9718,1200.6936,541.3331,313.45996,250.7738,0.7
3
279.08328,370.4937,221.22177,1205.416,540.32336,313.52667,331.01428,0.7
3
283.00385,374.7526,222.71161,1206.283,544.1968,311.5027,276.42715,0.7
3
283.18353,374.78867,219.37392,1200.9667,539.4221,311.62726,303.28467,0.7
3
280.9246,365.60504,220.72517,1203.475,538.9328,305.59402,317.33868,0.7
3
265.70007,380.34903,263.4179,1335.7748,616.4487,352.1887,352.56763,1.0
3
261.4033,382.0454,269.9261,1346.6791,628.13983,338.84726,354.08197,1.0
3
260.99124,382.155,270.75806,1348.2145,629.6165,328.6173,354.95993,1.0
3
259.37442,382.31274,270.84482,1346.7653,629.807,308.3352,349.9231,1.0
3
260.26004,382.33774,270.85886,1347.7451,629.8426,312.50793,345.8272,1.0
3
259.6665,382.3143,270.82605,1347.0352,629.7822,323.22498,347.62646,1.0
3
260.54956,382.3357,270.86786,1348.0076,629.8592,326.39514,347.6275,1.0
3
259.52356,382.34744,270.87332,1346.9796,629.8727,336.22113,350.6331,1.0
3
259.51367,382.342,270.87695,1347.029,629.8754,332.0885,349.31406,1.0
3
260.29807,382.33563,270.83377,1347.6165,629.8016,352.44998,359.18982,1.0
3
261.00858,382.34888,270.86215,1348.4669,629.8539,349.48688,372.6561,1.0
3
260.90265,382.31836,270.8743,1348.4194,629.86584,351.1399,370.1345,1.0
3
261.1572,382.3364,270.85938,1348.6038,629.84247,338.9525,361.41257,1.0
3
259.06598,382.2956,270.84265,1346.5116,629.8041,309.54166,340.86215,1.0
3
258.8273,382.2908,270.85938,1346.2766,629.821,234.55086,322.009,1.0
3
259.4573,382.3278,270.86667,1346.948,629.8507,217.09837,318.33658,1.0
3
259.37436,382.31332,270.8544,1346.3303,629.82465,308.01096,341.45947,1.0
3
259.61407,382.12833,270.86368,1346.865,629.76086,320.53204,348.47116,1.0
3
264.2124,382.24133,270.84326,1351.4053,629.7622,352.02335,360.98544,1.0
3
262.92218,382.23764,270.82544,1349.8718,629.7524,255.37158,336.5692,1.0
3
260.40784,382.29306,270.84705,1347.4507,629.79767,234.49725,327.2079,1.0
3
263.51688,382.28622,270.8693,1350.1187,629.839,220.26352,309.8497,1.0
3
259.7579,382.1086,270.843,1346.7542,629.73096,300.11072,334.98645,1.0
3
260.74707,382.19388,270.82278,1348.0757,629.7003,319.70718,342.39136,1.0
3
263.26407,382.25348,270.86475,1350.5619,629.8116,343.75204,349.90723,1.0
3
266.64908,382.17194,270.85025,1354.0156,629.76196,276.99976,333.22864,1.0
3
267.45227,382.3093,270.82733,1354.6187,629.7725,300.43448,338.97314,1.0
3
263.74918,382.2107,270.86722,1351.1677,629.81506,237.2896,321.1632,1.0
3
259.21356,382.14545,270.8662,1346.3604,629.75793,217.30241,316.6972,1.0
3
260.61874,382.26993,270.86545,1347.5905,629.8236,223.65701,319.87244,1.0
3
263.47226,382.04678,270.85394,1350.7515,629.7174,320.02176,344.76602,1.0
3
258.7913,382.2472,270.85776,1346.0708,629.7986,355.7955,359.43378,1.0
3
259.20108,382.27097,270.86932,1346.5245,629.83044,362.60745,350.4544,1.0
3
259.25403,382.27066,270.83792,1346.504,629.7777,361.02484,351.54147,1.0
3
259.24832,382.26462,270.83154,1346.5732,629.7638,296.38388,330.59308,1.0
3
258.89172,382.3153,270.86603,1346.3547,629.8417,291.68307,340.1847,1.0
3
259.84998,382.27225,270.8747,1347.2827,629.96094,327.98782,350.4542,1.0
3
259.15692,382.28467,270.87708,1346.5662,629.85706,331.0909,352.90448,1.0
3
257.19922,381.90497,270.87534,1344.6326,629.70245,223.075,315.65665,1.0
3
259.16956,382.1115,270.87674,1346.7559,629.4121,280.06873,330.9222,1.0
3
259.0702,382.15085,270.87692,1346.5867,629.747,350.1514,355.58936,1.0
3
258.52716,382.17303,270.8747,1346.0082,629.7972,254.433,327.28464,1.0
3
256.64044,382.1845,270.87384,1344.0723,629.8041,227.15947,318.00934,1.0
3
258.15088,382.31857,270.8725,1345.5096,629.85974,282.16223,331.0565,1.0
3
258.7119,382.2354,270.82825,1346.1128,629.7622,245.58456,324.86365,1.0
3
258.4287,382.33188,270.86246,1345.8936,629.8467,323.45483,349.30832,1.0
3
258.50598,382.30893,270.83545,1345.938,629.79443,336.87842,353.3024,1.0
3
259.23267,382.33905,270.81567,1346.547,629.7689,345.9397,353.04034,1.0
3
257.71484,382.3404,270.86423,1345.1788,629.8556,340.6619,353.96774,1.0
3
259.04507,382.34744,270.84885,1346.5066,629.83105,350.75952,353.6061,1.0
3
258.56653,382.3368,270.86572,1345.9553,630.06805,345.90793,354.07193,1.0
3
259.3445,382.20184,270.85144,1346.5637,629.90533,344.3034,354.0019,1.0
3
259.0087,382.27112,270.86444,1346.4136,629.9396,345.2384,353.69397,1.0
3
259.42072,382.3359,270.85303,1346.6345,630.5858,352.8237,353.75247,1.0
3
259.08847,382.32062,270.772,1346.1731,629.78296,345.9196,353.87842,1.0
3
256.31445,382.34503,270.84424,1343.571,629.83234,338.1952,353.62762,1.0
3
257.10925,382.28348,270.86526,1344.5387,629.84186,350.43228,353.73044,1.0
3
260.73224,382.2927,270.8627,1347.9236,629.83484,349.96204,354.10382,1.0
3
260.24747,382.32928,270.86676,1347.6973,629.8525,353.98273,353.9997,1.0
3
259.6395,382.34427,270.8476,1346.9907,629.8268,347.93823,354.07916,1.0
3
259.6172,382.34332,270.86255,1347.0745,629.8544,352.46213,354.18347,1.0
3
261.06223,382.34122,270.87344,1348.4613,629.87115,356.77484,354.1263,1.0