1
270.20673,310.3579,210.59128,1162.8247,494.83374,283.30252,291.28558,0.7
1
290.70044,338.6799,208.79663,1159.5742,500.96057,284.56998,280.07114,0.7
1
289.7314,329.34222,209.4305,1159.7632,499.5257,285.94397,256.38562,0.7
1
289.83734,326.40927,207.12921,1140.1024,496.8222,286.67566,311.76825,0.7
1
290.25848,324.16663,209.7485,1138.2771,499.07867,281.2283,266.23004,0.7
1
285.9988,318.70758,205.077,1120.4481,481.11053,282.4237,295.22253,0.7
1
291.70984,321.0926,205.5917,1134.0891,481.70172,281.95905,298.57455,0.7
1
288.2844,322.89755,203.71564,1122.8179,479.9433,285.1457,313.33496,0.7
1
283.71835,334.24323,200.86017,1103.7338,474.29596,272.9032,319.08932,0.7
1
296.06143,337.79062,209.73753,1117.2178,505.84058,285.37787,284.99628,0.7
1
281.747,319.99893,200.79802,1100.122,477.20776,274.68295,265.9695,0.7
1
285.85458,317.04764,203.85292,1105.7173,478.54535,268.02832,258.72433,0.7
1
285.87924,326.3314,198.42192,1116.6277,468.25488,241.63168,275.66333,0.7
1
285.5685,339.5664,196.44624,1108.886,471.45984,235.91481,269.18552,0.7
1
270.57614,318.81326,206.04507,1140.1976,493.0487,225.52695,314.7647,0.7
1
259.78955,325.9255,211.21263,1118.5585,500.52386,233.3234,299.15826,0.7
1
274.86502,330.4754,204.22992,1124.6841,492.9411,237.46272,301.38336,0.7
1
273.6468,330.3684,204.60243,1123.8075,492.94586,238.77545,302.0186,0.7
1
278.04297,334.92853,206.02432,1125.3313,495.87347,243.9385,261.12686,0.7
1
285.3762,341.4415,200.02199,1123.5725,484.6347,244.22037,298.4018,0.7
1
269.76358,333.3714,201.98161,1111.7534,481.27698,239.88704,308.00995,0.7
1
276.81128,315.68948,212.35272,1127.0789,498.74884,292.71994,266.5145,0.7
1
277.4643,319.40182,208.05911,1121.0074,494.341,293.5775,279.22018,0.7
1
276.2727,319.91675,195.58969,1115.9412,472.61566,287.6482,280.70068,0.7
1
276.70428,318.70093,204.97769,1116.2764,492.0598,277.31183,255.17538,0.7
1
287.9192,331.59686,198.43137,1105.63,482.41797,260.10635,243.73186,0.7
1
280.8502,327.66193,201.78427,1107.8254,488.1917,270.45172,314.8633,0.7
1
279.18213,327.6004,201.1879,1103.8383,485.79782,265.28958,261.7014,0.7
1
278.74588,325.9849,202.73924,1118.1348,488.73273,266.39337,333.611,0.7
1
278.39325,324.21124,203.62958,1132.777,490.715,274.4259,222.99336,0.7
1
280.31284,321.47772,203.96704,1114.8993,492.20407,272.17007,223.93365,0.7
1
279.5365,326.31863,202.95525,1097.7454,493.49612,279.10834,264.53885,0.7
1
287.40738,336.7041,204.03195,1130.2643,500.42157,285.90048,218.79646,0.7
1
278.09576,332.50894,208.72943,1133.5659,505.13385,284.1071,276.22662,0.7
1
265.31622,307.2523,212.97697,1138.552,499.147,283.63507,248.5837,0.7
1
271.53152,312.78024,204.74728,1144.6074,487.99597,288.4272,243.92564,0.7
1
273.67142,331.46155,200.99791,1111.4662,488.64667,272.3743,232.69345,0.7
1
267.3757,333.76205,216.20502,1126.1439,520.14465,272.5718,281.65335,0.7
1
258.93002,328.93048,214.46135,1129.9182,511.88516,279.4889,289.57288,0.7
1
268.13525,338.4581,209.20116,1141.6526,514.89246,276.55817,263.20917,0.7
1
286.38773,335.1093,214.04898,1143.8591,507.9508,260.0474,300.97134,0.7
1
286.96158,337.47095,205.14586,1128.4296,496.1454,270.66306,305.09583,0.7
1
273.0916,328.76697,210.06873,1114.5565,501.36066,263.57178,263.1192,0.7
1
270.31656,333.08646,209.82071,1112.059,504.18164,260.89117,299.975,0.7
1
267.8746,335.12814,201.76665,1086.8704,486.9734,255.11258,304.83316,0.7
1
263.2111,324.05594,203.73941,1089.8105,488.46024,274.17844,324.6387,0.7
1
282.0751,339.95355,197.603,1109.1595,490.93304,248.66919,316.62347,0.7
1
282.2395,344.86957,205.3651,1113.2053,493.294,227.11504,321.42322,0.7
1
253.46983,327.99045,208.80338,1101.2314,492.63684,239.70282,306.98044,0.7
1
264.35165,326.07373,197.84895,1096.1687,478.3694,239.72458,269.1993,0.7
1
258.18643,325.90375,199.48087,1083.9603,473.8385,267.5237,259.3696,0.7
1
266.13733,329.41006,198.99446,1075.2686,477.61438,275.31433,295.8838,0.7
1
273.0193,331.29556,204.13382,1080.1172,488.7123,269.6195,242.95683,0.7
1
263.11023,323.86917,209.98683,1094.4148,498.3418,264.33432,299.18527,0.7
1
257.3013,321.10614,206.2933,1095.563,490.8698,272.2823,338.0897,0.7
1
259.69098,327.5877,210.58682,1104.439,503.08704,270.95316,351.71118,0.7
1
277.4193,322.0793,211.94298,1124.853,504.1897,266.55255,341.46536,0.7
1
271.69717,315.9155,212.6273,1120.7659,503.42908,270.2509,317.8524,0.7
1
276.5831,316.96558,211.84607,1135.5791,503.02765,272.90982,300.8468,0.7
1
274.60657,324.05612,211.37904,1145.5903,505.59503,272.47025,299.10538,0.7
1
269.5219,324.80734,216.76204,1156.469,515.9542,279.08856,331.62607,0.7
1
275.47748,334.78638,215.97646,1168.8005,506.66937,279.84525,308.41623,0.7
1
275.01355,327.1372,219.23927,1149.4177,517.5571,275.43677,245.08951,0.7
1
279.31305,333.79324,214.4775,1164.8352,516.0417,282.64905,335.0071,0.7
1
276.98688,328.84183,219.19127,1158.5107,513.3639,274.88165,256.70795,0.7
1
296.2581,326.05438,214.66673,1152.175,506.4489,266.60077,330.2154,0.7
1
283.5732,327.79922,200.11417,1116.144,478.6023,276.69705,323.8068,0.7
1
283.49518,327.06912,200.53346,1141.476,483.60553,276.56595,281.7159,0.7
1
283.63934,334.34647,200.08376,1139.5776,483.89044,268.43756,280.78738,0.7
1
278.59232,331.60904,215.85797,1104.2015,506.48724,261.03232,264.20786,0.7
1
277.2202,325.8365,213.1288,1126.5828,499.4231,268.53256,324.48312,0.7
1
278.65588,339.0588,211.08316,1136.5092,501.13043,283.6253,256.24918,0.7
1
284.2684,334.70416,212.85356,1160.1118,500.74472,262.08032,284.0606,0.7
1
284.00375,322.75122,216.1796,1147.1166,506.03802,274.66827,302.6183,0.7
1
278.81375,330.5673,205.15802,1138.041,490.70297,258.21384,244.44609,0.7
1
277.83044,327.2703,208.62827,1135.6427,493.93832,249.08047,307.22995,0.7
1
270.39313,322.3495,203.22717,1130.1268,483.65976,242.57715,292.7804,0.7
1
273.20175,325.71698,195.07033,1114.4465,473.26675,250.87009,291.69223,0.7
1
267.00525,328.95517,193.48506,1116.6908,470.78497,242.57103,302.58026,0.7
1
260.99982,325.47424,200.92195,1112.2717,482.62695,251.1259,304.89337,0.7
1
262.37762,325.79987,207.32336,1118.1656,493.77542,249.1041,306.89,0.7
1
262.8721,331.7908,207.13556,1125.3319,494.9643,245.52913,298.90146,0.7
1
264.46945,332.6645,205.84381,1118.0729,492.00433,248.26414,295.0069,0.7
1
271.75262,333.54535,201.69162,1121.7528,486.08722,242.41411,306.5059,0.7
1
267.15292,339.72034,210.19511,1118.8081,502.9717,238.53206,297.47824,0.7
1
266.68503,316.2695,209.3562,1115.8364,488.90393,245.5186,296.32745,0.7
1
267.6084,328.03992,207.71751,1123.2102,493.2224,246.9823,298.70932,0.7
1
270.68524,324.79663,204.4126,1099.4292,485.7184,237.97878,305.46558,0.7
1
266.11655,329.8686,210.87682,1101.4673,499.34503,247.00526,309.65616,0.7
1
273.78522,346.23874,209.7086,1123.3175,504.69318,239.1011,313.0674,0.7
1
284.02264,337.41507,205.15744,1110.8296,491.60458,248.81516,275.95248,0.7
1
286.96393,329.62952,201.92683,1122.1355,483.6386,237.22006,323.22458,0.7
1
275.76404,316.4529,212.59818,1115.97,496.48343,241.30553,295.9076,0.7
1
271.42477,313.99515,206.89839,1088.9092,483.9771,240.22957,311.48788,0.7
1
266.49597,309.66077,205.55942,1102.1139,481.80844,252.39206,297.15082,0.7
1
267.57962,312.03693,203.88963,1106.9906,485.65323,244.09767,279.1652,0.7
1
266.80457,317.09955,204.33801,1115.086,485.12836,244.53513,281.1154,0.7
1
268.2558,318.5535,204.81125,1113.9568,483.73645,247.36333,278.95444,0.7
1
268.8747,320.09045,210.73105,1146.6895,493.3732,244.9546,304.45175,0.7
1
269.5427,322.72592,210.60323,1132.3862,492.4344,243.45572,307.7315,0.7
1
268.0656,328.39856,207.01277,1147.1622,487.12366,243.63525,291.78476,0.7
1
266.76816,320.1389,217.50386,1164.4093,499.0401,242.604,288.06863,0.7
1
269.37256,315.563,211.21352,1147.7826,496.8447,251.32181,298.34937,0.7
1
257.5772,319.34177,217.41652,1104.2006,504.4362,246.00758,306.31488,0.7
1
275.5208,332.25787,206.8315,1106.4231,492.1153,238.43385,299.39975,0.7
1
273.01505,327.67657,205.40396,1108.926,488.75018,244.38023,290.3694,0.7
1
273.01907,318.55704,215.68852,1105.7035,502.66602,253.9335,285.76834,0.7
1
281.89996,325.76364,207.29279,1142.6992,491.86,247.21294,287.4749,0.7
1
290.71655,316.76007,192.41641,1146.4586,463.37408,245.14091,275.67194,0.7
1
288.79382,320.2985,195.88112,1142.1534,475.76984,253.40915,285.167,0.7
1
289.35052,326.44742,207.63547,1141.4425,494.92447,238.29001,298.2129,0.7
1
287.9693,315.24677,214.68762,1157.6847,500.53656,246.82536,296.26978,0.7
1
286.266,315.542,209.09038,1136.1909,491.78577,242.4745,300.60837,0.7
1
279.2323,309.9117,205.73203,1141.2739,488.3296,243.26926,299.5778,0.7
1
273.35406,320.55035,205.92696,1117.0089,485.6394,247.50125,307.61624,0.7
1
272.52148,316.55563,204.62912,1129.6749,479.34863,246.5417,301.3965,0.7
1
274.41098,322.38947,204.26039,1130.2772,481.58105,227.00877,299.72195,0.7
1
271.3152,312.18878,205.20796,1125.365,485.23505,236.24173,312.17032,0.7
1
263.87003,307.8842,197.35039,1127.1135,464.50226,242.90329,287.63782,0.7
1
230.8855,350.48065,248.18645,1226.48,577.2014,220.68936,333.6776,1.0
1
233.48021,350.46127,248.27109,1230.1688,577.2335,233.9668,311.76065,1.0
1
233.58162,350.3688,248.36778,1230.7462,577.45447,228.17659,308.5077,1.0
1
233.93887,350.59467,248.23843,1230.4011,577.3683,220.77748,310.8729,1.0
1
232.52287,350.56747,248.17336,1228.8651,577.22095,236.07162,307.7656,1.0
1
230.99496,350.51215,248.32826,1227.7595,577.43994,242.35555,306.62576,1.0
1
231.55696,350.57498,248.22115,1228.1595,577.2827,262.22516,304.7465,1.0
1
231.10573,350.61655,248.31935,1228.0056,577.4712,278.1935,310.33688,1.0
1
230.9732,350.61435,248.39154,1228.0189,577.59015,281.43304,309.36816,1.0
1
229.26768,350.61316,248.34663,1226.2764,577.5105,267.79266,304.9084,1.0
1
232.57811,350.61514,248.38745,1229.5875,577.58295,297.12964,315.59662,1.0
1
233.07922,350.59824,248.38248,1230.3136,577.57117,276.9367,313.01196,1.0
1
234.14575,350.64383,248.26193,1230.692,577.3828,301.171,313.14554,1.0
1
237.40015,350.6059,248.36543,1234.2618,577.5503,343.34595,312.24854,1.0
1
234.37735,350.6249,248.31041,1231.3235,577.4564,337.4295,320.39825,1.0
1
235.01685,350.57706,248.30653,1232.083,577.4238,219.55954,297.40152,1.0
1
235.3176,350.65094,248.30818,1231.6122,577.4636,293.9967,319.01154,1.0
1
235.59123,350.45593,248.30116,1232.178,577.39685,278.77335,303.91534,1.0
1
235.62332,350.49933,248.36517,1232.1276,577.4966,279.89758,299.8951,1.0
1
233.30135,350.3706,248.37944,1229.4712,577.50073,329.30298,318.49838,1.0
1
235.40399,350.60968,248.40384,1232.1721,577.6077,276.1013,303.79285,1.0
1
233.50853,350.59174,248.3848,1230.3278,577.57837,228.14268,298.48083,1.0
1
238.23062,350.6184,248.39708,1234.984,577.60645,220.06894,294.72495,1.0
1
236.86537,350.48822,248.37508,1233.3712,577.508,211.96642,296.59146,1.0
1
235.36664,350.32034,248.21605,1230.8541,576.9617,253.20258,302.23404,1.0
1
237.5916,350.4084,248.34724,1234.4744,577.415,280.3278,307.70117,1.0
1
238.9356,350.48422,248.27551,1235.8071,577.3351,256.72812,296.25076,1.0
1
235.89175,350.347,248.16748,1232.6365,577.11536,254.9767,290.87833,1.0
1
239.84203,350.55435,248.27432,1236.4805,577.36975,277.03613,299.88986,1.0
1
236.46245,350.54343,248.38887,1233.494,577.55505,293.30902,313.26132,1.0
1
235.7597,350.5525,248.3749,1231.9199,577.53845,317.3319,314.41916,1.0
1
234.20885,350.6034,248.40851,1230.9333,577.61926,329.49457,317.32538,1.0
1
235.46544,350.61142,248.23079,1232.0454,577.3147,241.49368,293.5049,1.0
1
236.81088,350.5407,248.35149,1233.8359,577.5072,232.39426,300.9258,1.0
1
234.89879,350.4984,248.38747,1232.0981,577.5157,312.86594,324.16736,1.0
1
236.30501,350.49246,248.41383,1232.5115,577.57227,255.1337,292.87558,1.0
1
238.60605,350.61572,248.40088,1234.7224,577.60693,282.73495,303.98694,1.0
1
239.40189,350.55466,248.3858,1236.1235,577.5731,289.81903,313.3765,1.0
1
238.71007,350.54715,248.41167,1235.802,577.60767,291.7761,316.8283,1.0
1
238.00146,350.59808,248.32397,1234.8142,577.4741,284.41092,315.14087,1.0
1
234.26608,350.62042,248.32849,1231.1354,577.49,272.26837,313.78888,1.0
1
237.24814,350.62164,248.35999,1233.829,577.54266,292.74414,315.1097,1.0
1
236.3696,350.63107,248.32513,1233.3497,577.4844,278.43307,314.5958,1.0
1
235.78386,350.53958,248.36588,1232.7604,577.5276,284.32504,316.05374,1.0
1
235.83867,350.62445,248.40883,1233.0532,577.62585,295.666,319.48645,1.0
1
235.79439,350.34976,248.36096,1232.9226,577.44696,296.68817,319.1685,1.0
1
239.01277,350.5433,248.41365,1236.037,577.59125,291.2299,318.1344,1.0
1
234.80482,350.631,248.40547,1232.0121,577.6233,288.94644,318.27634,1.0
1
235.41158,350.65613,248.37923,1232.4564,577.59143,293.57474,318.5694,1.0
1
233.74557,350.4565,248.37364,1230.7883,577.5148,290.60828,320.0979,1.0
1
234.36166,350.59,248.4062,1231.4132,577.60516,286.64835,319.75034,1.0
1
234.22975,350.63794,248.38698,1231.2699,577.5938,289.38474,314.80112,1.0
1
235.5645,350.65634,248.37282,1232.5466,577.5813,288.20648,319.45367,1.0
1
237.13547,350.61572,248.30293,1233.6365,577.44855,293.1395,317.11804,1.0
1
236.3423,350.64807,248.39685,1232.1965,577.61554,295.03867,319.74283,1.0
1
234.28705,350.6646,248.40703,1230.8849,577.64355,295.00308,319.91223,1.0
1
234.57126,350.62943,248.42351,1231.731,577.9707,292.79077,312.8337,1.0
1
237.08766,350.66483,248.30899,1234.1301,577.5818,286.6498,311.36975,1.0
1
242.23412,350.4541,248.12709,1238.7639,577.26575,316.2643,318.41946,1.0
1
234.36067,350.41275,248.24043,1230.9502,577.14575,299.87265,319.3996,1.0
1
235.11142,350.60092,248.37242,1232.0988,577.5279,307.56158,319.8939,1.0
1
235.76317,350.65363,248.16028,1232.4344,577.2062,328.80734,321.60233,1.0
1
235.4482,350.6545,248.32678,1232.4126,577.49866,336.25754,321.12253,1.0
1
235.79475,350.6388,248.3257,1232.9098,577.49524,352.33517,320.49286,1.0
1
235.76434,350.61914,248.42116,1233.1304,577.64124,351.77798,333.32016,1.0
1
235.70914,350.59058,248.38864,1232.8135,577.584,347.6631,337.938,1.0
1
236.35593,350.5488,248.40129,1233.5931,577.5737,344.97986,344.92184,1.0
1
239.28479,350.57672,248.39456,1236.4425,577.6026,342.12204,346.86423,1.0
1
239.4785,350.5937,248.38733,1236.6604,577.5774,344.59164,340.04446,1.0
1
239.71912,350.57645,248.4081,1236.9529,577.6035,327.36725,334.80298,1.0
1
239.48811,350.58386,248.40134,1236.7904,577.5875,327.8875,334.2343,1.0
1
238.53004,350.63153,248.41805,1235.2056,577.6431,324.90674,332.1476,1.0
1
238.43596,350.58865,248.41629,1235.384,577.61835,329.24344,325.2063,1.0
1
240.56633,350.57367,248.43057,1237.7367,577.63916,363.20413,329.18344,1.0
1
240.3161,350.54755,248.4211,1236.9121,577.6291,353.27948,341.12924,1.0
2
260.02414,281.7947,190.73152,988.8947,457.55676,265.94104,261.18448,0.7
2
254.41577,277.82422,189.52713,980.1001,454.64447,248.61694,259.11624,0.7
2
230.88603,283.82446,198.44417,982.32104,469.5062,247.14584,269.1577,0.7
2
235.4024,289.8949,196.77559,965.8141,469.82483,250.0963,276.27344,0.7
2
244.34074,281.9175,204.20227,1033.4011,477.351,253.93968,261.7037,0.7
2
240.90012,281.0479,203.19177,1042.28,473.1635,254.78122,240.80574,0.7
2
229.27837,267.64584,210.28142,1040.1768,483.9272,252.45883,244.86993,0.7
2
241.75174,262.9867,199.90286,1023.0188,469.59277,250.08981,262.31918,0.7
2
225.1407,265.48663,209.06755,1024.5109,486.07672,264.13852,269.73477,0.7
2
211.45677,262.8347,211.67393,1030.2874,487.3343,246.48001,290.44907,0.7
2
210.60352,264.40222,206.02107,1004.16034,478.44733,244.46768,287.80994,0.7
2
220.75531,266.30292,193.1619,976.4338,462.39618,256.0239,263.0514,0.7
2
231.66922,266.97192,185.51622,965.59827,449.9956,256.74725,246.51523,0.7
2
228.15936,266.8884,189.61618,960.8068,455.8991,256.11545,250.70331,0.7
2
230.97874,267.32135,191.86768,966.24396,455.06982,257.8701,258.2217,0.7
2
228.34537,258.38367,202.31123,952.33136,469.1314,254.23729,255.2502,0.7
2
242.40099,305.51523,195.08466,968.933,471.7468,255.51102,243.52992,0.7
2
228.45256,286.83157,196.94635,976.9517,473.24725,255.12425,246.35771,0.7
2
225.96696,290.64334,194.74216,981.7925,472.15564,249.58398,284.6186,0.7
2
238.1482,270.77573,194.91095,991.66864,470.25757,243.16127,249.66809,0.7
2
240.72565,276.97037,190.42673,1004.14984,462.79385,234.29376,254.30391,0.7
2
240.01454,278.11856,191.51988,999.087,460.0545,244.58711,258.56195,0.7
2
220.33176,294.70676,202.79597,1017.0554,480.11035,283.1737,220.94049,0.7
2
209.56067,272.67728,208.22481,1012.0686,487.37024,264.92413,231.10045,0.7
2
217.49496,263.97726,205.60832,1037.76,483.0125,264.38297,248.24913,0.7
2
229.763,269.2043,205.51718,1016.3783,485.77246,283.60535,196.62364,0.7
2
237.796,281.17545,198.3183,1001.4956,473.2552,270.26147,225.04033,0.7
2
233.23048,268.4583,199.7443,1002.47314,471.44922,263.379,272.68912,0.7
2
238.02332,285.5518,194.93196,964.19336,472.399,290.38455,196.05069,0.7
2
245.73027,289.0977,193.6753,963.20685,475.37555,280.25565,217.20647,0.7
2
236.6518,292.9778,193.08014,981.16943,471.0329,276.5118,234.20143,0.7
2
222.17244,279.40485,199.86832,1010.229,475.19867,245.47375,260.44046,0.7
2
229.88608,278.72476,196.6367,1001.89404,473.33655,244.3785,261.47092,0.7
2
230.0843,263.6391,196.46138,1000.9727,470.85425,264.8206,267.1442,0.7
2
197.37695,286.30383,201.86775,1015.62537,495.05304,264.05957,233.2548,0.7
2
204.46356,287.02664,201.59834,1005.1008,487.97568,258.52966,238.41405,0.7
2
254.88667,264.46973,200.71931,1033.3494,473.05356,256.87317,230.71454,0.7
2
245.51047,272.65842,205.5253,1027.7241,481.35785,254.159,266.15643,0.7
2
208.13869,256.42273,214.91167,1042.2834,493.67114,266.04703,286.23676,0.7
2
209.58147,268.82593,214.14009,1036.7976,495.5896,275.14453,272.89117,0.7
2
218.15396,267.955,211.05,1023.55646,492.18286,282.93918,252.69933,0.7
2
231.57457,280.47235,204.60652,1012.8005,484.48575,292.1065,245.67654,0.7
2
245.52959,286.7755,201.09233,1043.4192,476.55463,282.41693,232.42194,0.7
2
235.92696,289.18195,201.07062,1032.5244,480.28546,278.35785,258.28174,0.7
2
216.94264,268.76654,198.95416,1012.9911,476.1714,278.3004,256.09747,0.7
2
211.44608,266.17673,197.89594,998.8086,468.9251,273.1034,274.01804,0.7
2
234.03673,277.9648,192.71782,999.62976,464.44336,244.85304,264.95062,0.7
2
261.3015,291.9853,178.88614,983.7844,446.02927,267.32193,255.28726,0.7
2
248.82184,286.04266,185.30453,996.0044,453.0788,268.04984,256.19647,0.7
2
234.5516,276.20544,190.343,995.6472,455.4251,267.83246,251.64221,0.7
2
239.10469,286.63123,192.0336,1004.5969,462.497,275.90176,181.141,0.7
2
226.13776,291.22903,200.28223,1005.5807,474.73077,265.71136,187.1924,0.7
2
222.82141,273.01987,198.78134,1000.9177,468.61542,280.07767,194.45204,0.7
2
223.5231,272.81522,201.15274,1001.4425,476.36624,275.26743,246.61131,0.7
2
238.69753,277.7231,194.11127,1011.5041,466.17688,284.96133,291.0909,0.7
2
240.3116,279.65912,201.00124,1032.1072,480.9191,274.24228,243.14944,0.7
2
239.36688,289.72046,198.17131,1025.5063,470.70312,284.43152,212.97614,0.7
2
233.93759,283.1712,202.41139,1011.26184,475.63666,294.15173,225.1118,0.7
2
237.62172,275.40198,200.9229,1005.0248,476.83267,262.14316,235.66342,0.7
2
231.39745,270.98776,198.64,1005.2448,467.58774,260.29822,257.0364,0.7
2
234.43863,275.90707,198.29694,993.6173,471.27356,261.6984,244.88252,0.7
2
231.4204,275.0917,192.9141,997.98267,467.7276,256.6399,242.97955,0.7
2
222.6344,263.5805,197.64035,997.34875,472.7362,259.96408,263.0291,0.7
2
243.95593,269.79758,192.2194,1004.9837,462.88184,262.01813,255.53096,0.7
2
244.59149,269.1271,195.7102,982.6973,465.44556,264.50278,239.18918,0.7
2
233.7991,268.10922,191.77402,980.7612,465.48306,270.9232,243.23479,0.7
2
222.79498,261.5513,190.69739,1011.16064,465.3335,269.35068,250.28479,0.7
2
225.99036,257.0737,194.61981,978.3421,467.56873,267.81824,241.88594,0.7
2
230.91878,254.04198,188.221,977.733,456.4381,242.98096,241.25554,0.7
2
213.90012,255.38489,188.12111,965.65295,449.9889,240.13434,251.26566,0.7
2
207.12988,248.15857,193.95856,984.1699,454.99142,255.49866,271.22586,0.7
2
223.13919,250.65286,196.02498,998.5231,463.6604,256.7404,299.0735,0.7
2
216.89954,254.10005,195.65569,1016.5864,466.6105,262.98273,272.1097,0.7
2
218.33217,257.9255,195.57315,1022.13605,465.01984,260.74594,262.11542,0.7
2
203.18544,260.81192,200.11627,1022.1846,472.81815,257.8364,252.1784,0.7
2
211.63565,264.02872,195.00433,1012.9427,466.00256,256.70752,253.23761,0.7
2
220.18253,270.4998,191.2144,984.5166,460.8495,264.64407,229.27289,0.7
2
220.5598,267.86688,192.02406,988.1782,462.59906,254.96432,239.37909,0.7
2
204.61035,254.56078,206.70361,997.6117,479.91452,281.38977,271.60416,0.7
2
214.32765,256.49524,192.97795,988.3972,458.8368,265.44672,265.567,0.7
2
226.24083,280.16376,191.95064,996.4491,462.02005,270.81467,251.62668,0.7
2
213.91644,282.66476,187.73363,995.3322,454.74344,240.74666,269.66104,0.7
2
238.05458,278.9369,199.19344,1035.1333,459.12573,270.0107,230.13193,0.7
2
233.54832,284.83182,194.29669,1017.8237,462.06012,273.4325,213.31467,0.7
2
217.28122,286.31302,196.47675,1007.4766,470.86127,267.1529,251.92488,0.7
2
223.25055,286.69928,195.20572,999.46124,465.60535,282.29312,244.53415,0.7
2
225.56125,277.97458,194.26042,987.37915,468.50317,273.36276,257.33627,0.7
2
230.03094,269.7813,189.02594,991.11194,452.26367,284.6282,220.90382,0.7
2
242.76834,276.34094,186.11903,1002.54755,445.60138,279.27472,218.28438,0.7
2
210.47183,264.48645,203.0012,1002.8942,471.12195,279.29813,255.89046,0.7
2
227.31453,273.18536,193.90169,1017.568,464.90704,280.84857,250.97331,0.7
2
227.64346,279.8225,193.9792,1020.7077,466.74023,282.68875,256.21567,0.7
2
212.04115,266.36908,197.24818,990.22943,470.0537,277.0891,252.89024,0.7
2
216.95421,257.1143,184.44742,985.17017,448.23694,263.64896,189.24762,0.7
2
230.90582,280.2501,178.90485,952.0961,440.3352,283.75668,200.18001,0.7
2
235.78207,288.3331,179.54463,966.5463,447.19846,271.02472,241.45268,0.7
2
232.33632,285.34372,190.44467,984.80054,457.9192,267.6937,210.9741,0.7
2
227.5719,279.14822,193.70636,1011.2915,463.71814,271.44287,218.37003,0.7
2
211.09529,269.29694,196.39497,988.2666,456.07666,252.93758,247.05186,0.7
2
199.25179,279.04376,196.03204,997.2094,464.63507,244.6672,271.7403,0.7
2
218.08086,301.89316,194.43858,980.869,478.62622,270.51385,270.9632,0.7
2
204.68568,286.7223,197.4577,980.89417,474.30524,268.71487,296.82565,0.7
2
223.65504,262.99484,197.92824,993.83057,464.94147,272.7672,288.68448,0.7
2
215.88641,266.47272,181.46225,985.30066,448.62103,269.0784,178.37666,0.7
2
228.39986,270.20532,178.11922,965.152,437.30798,270.9768,275.21362,0.7
2
229.2728,271.94083,184.00345,977.35333,445.26764,281.57803,252.86702,0.7
2
230.48726,278.9942,181.33447,981.9321,437.1443,281.14502,218.85922,0.7
2
243.67496,276.4221,177.06549,971.56433,440.1419,242.30898,161.24251,0.7
2
221.51303,271.06213,183.55327,969.7223,446.87076,271.11066,209.30437,0.7
2
222.93777,270.43118,179.56447,972.0133,443.44693,266.95837,180.25656,0.7
2
225.17265,308.69376,185.08641,957.3462,462.66187,254.06544,212.91843,0.7
2
228.46255,296.4108,189.0584,969.53723,464.79767,255.84062,224.57802,0.7
2
223.26582,274.0597,190.95996,1006.6697,455.91754,250.39366,201.57233,0.7
2
217.10243,282.05453,197.90778,998.78644,464.04834,244.7073,262.9451,0.7
2
227.74823,293.7641,193.60025,1002.19507,463.4778,250.88135,284.08466,0.7
2
212.7224,287.24173,201.0508,980.71765,474.31342,262.2129,307.69537,0.7
2
208.90475,271.01147,193.41441,965.0112,456.33524,257.19,250.125,0.7
2
213.90198,272.0144,191.578,994.43225,456.23535,265.57358,246.0176,0.7
2
210.71332,279.73642,191.9319,986.9021,471.70013,270.0073,235.01056,0.7
2
214.94226,282.8808,199.55995,997.8695,478.32748,295.1052,210.71968,0.7
2
227.74265,276.34286,189.56296,986.7244,454.79376,281.48917,235.2268,0.7
2
230.44205,288.17444,186.50198,993.2702,460.34354,284.4874,234.36963,0.7
2
235.25551,291.20987,183.45975,976.42236,453.21283,284.69403,257.39655,0.7
2
231.95494,280.05713,182.38486,964.0868,448.54288,295.72684,207.75322,0.7
2
241.39122,304.64902,185.89415,1018.23987,461.8767,280.7661,196.32466,0.7
2
239.00177,303.23947,191.89941,1042.068,474.6438,278.95267,175.15773,0.7
2
241.32706,296.03247,188.683,1030.8644,463.32373,276.03812,176.98079,0.7
2
251.84978,292.38617,178.6323,984.8946,440.6603,269.21768,221.04419,0.7
2
243.46011,276.6849,189.31877,998.68207,454.55322,270.1518,185.84659,0.7
2
248.83827,278.39795,187.6575,1007.7455,451.39917,267.62643,185.20326,0.7
2
244.97868,274.1384,186.04213,1022.08093,446.36926,268.5879,222.96411,0.7
2
238.50793,296.68805,213.15007,1124.7439,498.2019,291.12332,297.72232,1.0
2
238.32065,296.6934,213.15709,1124.7349,497.7867,283.65137,295.35614,1.0
2
238.18713,296.6929,213.15984,1123.9651,497.68268,282.30704,296.75638,1.0
2
236.1841,296.654,213.15073,1121.7288,497.59546,291.37878,298.4505,1.0
2
234.60684,296.663,213.15121,1120.1694,497.61475,277.47638,299.15604,1.0
2
235.94331,296.68515,213.15814,1121.3636,497.63556,277.3489,299.45993,1.0
2
233.67474,296.68076,213.15158,1119.7562,497.62888,286.5109,299.54044,1.0
2
236.61328,296.67328,213.12895,1122.856,497.74762,292.71692,299.30377,1.0
2
236.4642,296.67844,213.1386,1122.4539,497.6344,278.21353,299.38553,1.0
2
236.54364,296.68744,213.1355,1120.3975,497.6042,297.0876,298.85788,1.0
2
235.37549,296.68314,213.15497,1120.0911,497.6313,285.01288,301.74905,1.0
2
236.5925,296.68668,213.16116,1122.6113,497.64554,292.53656,302.57,1.0
2
238.72464,296.68985,213.14217,1124.9354,497.61566,283.13077,301.9675,1.0
2
236.67702,296.69867,213.15251,1122.8252,497.6247,287.49542,302.6546,1.0
2
237.93451,296.66678,213.14,1124.0854,497.59537,279.10214,302.81735,1.0
2
236.25931,296.68784,213.13855,1120.9438,498.48172,281.0279,302.80093,1.0
2
237.4113,296.66153,213.13531,1123.5103,497.65018,291.5148,302.6535,1.0
2
233.56322,296.68832,213.12567,1119.5205,497.52106,277.78506,302.01,1.0
2
234.9403,296.63306,213.11746,1119.5159,497.5953,289.79507,302.5726,1.0
2
234.726,296.6162,213.11517,1120.7146,497.53204,279.39594,302.81146,1.0
2
233.32526,296.66843,213.15256,1119.4097,497.6196,277.84354,302.8916,1.0
2
234.52203,296.69104,213.16058,1120.7319,497.64484,279.67383,302.8509,1.0
2
233.93442,296.6839,213.16072,1120.3586,497.09137,282.20944,302.56934,1.0
2
232.58646,296.69458,213.16248,1119.2599,496.99686,287.9738,302.61584,1.0
2
233.99121,296.7115,213.14977,1120.4424,497.2733,298.95547,302.11804,1.0
2
234.11792,296.67667,213.1581,1120.5118,497.3382,285.74146,299.21432,1.0
2
234.9838,296.6607,213.15523,1121.5624,497.61432,285.67215,299.42853,1.0
2
236.09445,296.68817,213.15689,1122.459,498.26038,287.41922,299.5237,1.0
2
235.68512,296.69806,213.16025,1121.3527,496.67902,277.88425,299.46683,1.0
2
235.0601,296.69897,213.1629,1120.3184,497.6313,275.3919,299.56604,1.0
2
235.4924,296.7037,213.16376,1121.8021,497.65295,285.73495,299.4225,1.0
2
233.68344,296.69803,213.16257,1119.8313,496.9588,277.73996,299.35333,1.0
2
235.4761,296.70377,213.1641,1121.9695,497.46014,277.54523,299.42383,1.0
2
235.58203,296.7061,213.16399,1122.2815,497.46246,283.12488,299.25952,1.0
2
233.8165,296.66577,213.15802,1118.642,497.83795,277.708,299.3765,1.0
2
234.75172,296.65863,213.07877,1121.5692,497.44458,284.45868,297.4702,1.0
2
234.06087,296.6938,213.13422,1119.1995,498.3872,286.7538,299.20883,1.0
2
236.6895,296.68582,213.13782,1124.234,497.67126,292.57745,299.19058,1.0
2
237.6405,296.70258,213.15964,1124.3954,497.38287,284.8139,298.9919,1.0
2
233.84822,296.70996,213.12054,1120.2732,497.61795,284.15466,299.39615,1.0
2
231.98068,296.69916,213.14505,1118.3323,497.0057,280.22296,299.15826,1.0
2
232.56868,296.6632,213.156,1119.0355,497.88544,282.26474,299.43936,1.0
2
232.74338,296.68527,213.15959,1118.4438,497.60098,286.10858,299.41434,1.0
2
232.07027,296.6665,213.15613,1119.363,497.19427,283.10822,299.4227,1.0
2
232.11035,296.67358,213.16026,1118.8909,497.41644,285.22726,299.40588,1.0
2
232.9924,296.69733,213.16241,1119.6981,497.29932,283.352,299.5278,1.0
2
233.03764,296.69415,213.16399,1121.9014,497.49466,283.12067,299.58597,1.0
2
232.93689,296.6892,213.16174,1119.6965,497.11176,282.0195,299.59055,1.0
2
232.78049,296.69162,213.16309,1119.4052,497.83423,281.99677,299.60645,1.0
2
232.1136,296.69812,213.16043,1118.5465,498.31784,280.44904,299.54068,1.0
2
232.81499,296.67612,213.15742,1118.9994,497.8009,284.107,299.43604,1.0
2
234.72958,296.68475,213.15974,1120.2261,497.26025,280.42276,299.55923,1.0
2
234.79369,296.6961,213.16075,1121.0574,497.55267,282.17792,299.4007,1.0
2
233.31007,296.69815,213.16408,1119.6442,497.632,273.5737,298.59998,1.0
2
232.15819,296.6052,213.1481,1118.119,497.57465,273.17142,294.80505,1.0
2
231.97664,296.6772,213.15999,1117.5323,497.62714,278.15216,298.08124,1.0
2
233.80296,296.69983,213.16377,1119.5186,497.65247,279.96243,299.07623,1.0
2
233.42484,296.69357,213.16115,1118.2839,497.6486,275.4345,299.4681,1.0
2
233.21432,296.649,213.15073,1118.2954,497.59573,277.2826,297.28018,1.0
2
232.60995,296.69525,213.16125,1119.5463,496.62585,274.59686,299.28223,1.0
2
232.92735,296.6814,213.15182,1119.5739,497.7796,281.4556,299.4573,1.0
2
235.20433,296.62863,213.1242,1121.9912,496.84726,276.50293,299.3868,1.0
2
236.14783,296.59924,213.10777,1122.775,497.3564,280.57797,299.5079,1.0
2
235.13564,296.6576,213.1397,1121.9238,497.0161,275.5966,299.4007,1.0
